date,slot,timestamp,node_hour,net_kwh,load_kw,pv_kw,price,price_forecast,grid,charge_plan,discharge_plan,called,unused,charge,discharge,emergency,spill,soc,total_surplus,g0,initial_soc,planned_cost,adjustment_cost,emergency_cost,total_cost
2025-11-18,0,2025-11-18 00:10:00,0,582.55601666666666,3495.3361,0,0.40329999999999999,0.41966957328089904,1402.752283616247,833.33333333333326,0,1402.752283616247,0,833.33333333333326,0,13.137066383752881,0,1988.8411180524945,0,1402.752283616247,1238.8411180524945,565.72999598243246,0,26.490894362837683,592.22089034527016
2025-11-18,1,2025-11-18 00:20:00,0,602.91184999999996,3617.4711000000002,0,0.40560000000000002,0.44531266057029856,1419.8313978813778,833.33333333333326,0,1419.8313978813778,0,833.33333333333326,0,16.413785451955391,0,2738.8411180524945,0,1419.8313978813778,1238.8411180524945,575.88361498068684,0,33.287156896565534,609.17077187725238
2025-11-18,2,2025-11-18 00:30:00,0,562.38666666666666,3374.3200000000002,0,0.41539999999999999,0.42654716060665593,605.97256541605157,0,0,562.38666666666666,43.58589874938491,0,0,0,0,2738.8411180524945,43.58589874938491,605.97256541605157,1238.8411180524945,251.72100367382782,0,0,251.72100367382782
2025-11-18,3,2025-11-18 00:40:00,0,568.2197666666666,3409.3186000000001,0,0.43730000000000002,0.42210126227668238,579.23285158987301,0,0,568.2197666666666,11.013084923206407,0,0,0,0,2738.8411180524945,11.013084923206407,579.23285158987301,1238.8411180524945,253.29852600025148,0,0,253.29852600025148
2025-11-18,4,2025-11-18 00:50:00,0,581.71949999999993,3490.317,0,0.43790000000000001,0.4365121472709409,1406.6896954983113,833.33333333333326,0,1406.6896954983113,0,833.33333333333326,0,8.3631378350219165,0,3488.8411180524945,0,1406.6896954983113,1238.8411180524945,615.98941765871052,0,18.311090289780488,634.30050794849103
2025-11-18,5,2025-11-18 01:00:00,0,582.12666666666667,3492.7600000000002,0,0.4365,0.45463927061909465,605.14078723508658,0,0,582.12666666666667,23.014120568419912,0,0,0,0,3488.8411180524945,23.014120568419912,605.14078723508658,1238.8411180524945,264.1439536281153,0,0,264.1439536281153
2025-11-18,6,2025-11-18 01:10:00,0,594.89143333333323,3569.3485999999998,0,0.48209999999999997,0.46230718351976813,620.41284599478934,0,0,594.89143333333323,25.521412661456111,0,0,0,0,3488.8411180524945,25.521412661456111,620.41284599478934,1238.8411180524945,299.10103305408791,0,0,299.10103305408791
2025-11-18,7,2025-11-18 01:20:00,0,606.02834999999993,3636.1700999999998,0,0.49980000000000002,0.43806846717468523,623.7717034001073,0,0,606.02834999999993,17.743353400107367,0,0,0,0,3488.8411180524945,17.743353400107367,623.7717034001073,1238.8411180524945,311.76109735937365,0,0,311.76109735937365
2025-11-18,8,2025-11-18 01:30:00,0,600.82499999999993,3604.9499999999998,0,0.47010000000000002,0.40714041467985951,1416.8788054774739,833.33333333333326,0,1416.8788054774739,0,833.33333333333326,0,17.279527855859442,0,4238.8411180524945,0,1416.8788054774739,1238.8411180524945,666.07472645496046,0,40.615530225197624,706.69025668015809
2025-11-18,9,2025-11-18 01:40:00,0,580.95668333333333,3485.7401,0,0.44850000000000001,0.41600374322369182,1430.0291635225672,833.33333333333326,0,1414.2900166666666,15.739146855900572,833.33333333333326,0,0,0,4988.8411180524945,15.739146855900572,1430.0291635225672,1238.8411180524945,641.36807983987137,0,0,641.36807983987137
2025-11-18,10,2025-11-18 01:50:00,0,573.36376666666661,3440.1826000000001,0,0.44419999999999998,0.43957322262173265,605.38397372426618,0,0,573.36376666666661,32.020207057599578,0,0,0,0,4988.8411180524945,32.020207057599578,605.38397372426618,1238.8411180524945,268.91156112831902,0,0,268.91156112831902
2025-11-18,11,2025-11-18 02:00:00,0,581.86833333333334,3491.21,0,0.43640000000000001,0.45259324157475744,614.44208315383366,0,0,581.86833333333334,32.573749820500325,0,0,0,0,4988.8411180524945,32.573749820500325,614.44208315383366,1238.8411180524945,268.142525088333,0,0,268.142525088333
2025-11-18,12,2025-11-18 02:10:00,0,584.03328333333332,3504.1997000000001,0,0.40560000000000002,0.45145965026505375,605.96310206239968,0,0,584.03328333333332,21.929818729066369,0,0,0,0,4988.8411180524945,21.929818729066369,605.96310206239968,1238.8411180524945,245.77863419650933,0,0,245.77863419650933
2025-11-18,13,2025-11-18 02:20:00,0,570.94065000000001,3425.6439,0,0.40179999999999999,0.44177643505632347,1424.312312855207,833.33333333333326,0,1404.2739833333333,20.03832952187372,833.33333333333326,0,0,0,5738.8411180524945,20.03832952187372,1424.312312855207,1238.8411180524945,572.2886873052222,0,0,572.2886873052222
2025-11-18,14,2025-11-18 02:30:00,0,565.74000000000001,3394.4400000000001,0,0.42320000000000002,0.42695211568472502,1432.7032671669508,833.33333333333326,0,1399.0733333333333,33.629933833617542,833.33333333333326,0,0,0,6488.8411180524945,33.629933833617542,1432.7032671669508,1238.8411180524945,606.32002266505356,0,0,606.32002266505356
2025-11-18,15,2025-11-18 02:40:00,0,597.24360000000001,3583.4616000000001,0,0.42270000000000002,0.41685846654202657,1456.0734066743073,833.33333333333326,0,1430.5769333333333,25.496473340974035,833.33333333333326,0,0,0,7238.8411180524945,25.496473340974035,1456.0734066743073,1238.8411180524945,615.48222900122971,0,0,615.48222900122971
2025-11-18,16,2025-11-18 02:50:00,0,606.68444999999997,3640.1066999999998,0,0.44529999999999997,0.43185689756026996,1241.6269016242595,623.50986883056225,0,1230.1943188305622,11.432582793697293,623.50986883056225,0,0,0,7800.0000000000009,11.432582793697293,1241.6269016242595,1238.8411180524945,552.89645929328276,0,0,552.89645929328276
2025-11-18,17,2025-11-18 03:00:00,0,586.60833333333335,3519.6500000000001,0,0.46779999999999999,0.45026240313653743,615.77877301810668,0,0,586.60833333333335,29.170439684773328,0,0,0,0,7800.0000000000009,29.170439684773328,615.77877301810668,1238.8411180524945,288.06131001787031,0,0,288.06131001787031
2025-11-18,18,2025-11-18 03:10:00,0,588.73284999999998,3532.3971000000001,0,0.42120000000000002,0.43173591651373699,610.3092890597062,0,0,588.73284999999998,21.576439059706217,0,0,0,0,7800.0000000000009,21.576439059706217,610.3092890597062,1238.8411180524945,257.06227255194824,0,0,257.06227255194824
2025-11-18,19,2025-11-18 03:20:00,0,607.14663333333328,3642.8798000000002,0,0.41799999999999998,0.42653533293742263,1436.1181584997616,833.33333333333326,0,1436.1181584997616,0,833.33333333333326,0,4.3618081669048934,0,8550,0,1436.1181584997616,1238.8411180524945,600.2973902529003,0,9.1161790688312259,609.41356932173153
2025-11-18,20,2025-11-18 03:30:00,0,615.28166666666664,3691.6900000000001,0,0.46450000000000002,0.44588522429002081,627.91123405875373,0,0,615.28166666666664,12.629567392087097,0,0,0,0,8550,12.629567392087097,627.91123405875373,1238.8411180524945,291.66476822029114,0,0,291.66476822029114
2025-11-18,21,2025-11-18 03:40:00,0,593.68686666666667,3562.1212,0,0.4516,0.45364665708451124,634.37455087196304,0,0,593.68686666666667,40.687684205296364,0,0,0,0,8550,40.687684205296364,634.37455087196304,1238.8411180524945,286.4835471737785,0,0,286.4835471737785
2025-11-18,22,2025-11-18 03:50:00,0,572.42826666666656,3434.5695999999998,0,0.41489999999999999,0.46049112037466466,621.42654516375421,0,0,572.42826666666656,48.998278497087654,0,0,0,0,8550,48.998278497087654,621.42654516375421,1238.8411180524945,257.82987358844161,0,0,257.82987358844161
2025-11-18,23,2025-11-18 04:00:00,0,577.71166666666659,3466.27,0,0.38469999999999999,0.45077010518895078,630.41262952295801,0,0,577.71166666666659,52.700962856291426,0,0,0,0,8550,52.700962856291426,630.41262952295801,1238.8411180524945,242.51973857748195,0,0,242.51973857748195
2025-11-18,24,2025-11-18 04:10:00,0,607.03498333333323,3642.2098999999998,0,0.36399999999999999,0.40238056012882656,1447.8132398842508,833.33333333333326,0,1440.3683166666665,7.4449232175843463,833.33333333333326,0,0,0,9300,7.4449232175843463,1447.8132398842508,1238.8411180524945,527.00401931786723,0,0,527.00401931786723
2025-11-18,25,2025-11-18 04:20:00,0,611.40924999999993,3668.4555,0,0.41610000000000003,0.40346879059378266,1448.243645761549,833.33333333333326,0,1444.7425833333332,3.501062428215846,833.33333333333326,0,0,0,10050.000000000002,3.501062428215846,1448.243645761549,1238.8411180524945,602.61418100138064,0,0,602.61418100138064
2025-11-18,26,2025-11-18 04:30:00,0,602.00666666666666,3612.04,0,0.49830000000000002,0.44952770211786031,652.92903350402526,0,0,602.00666666666666,50.922366837358595,0,0,0,0,10050.000000000002,50.922366837358595,652.92903350402526,1238.8411180524945,325.35453739505579,0,0,325.35453739505579
2025-11-18,27,2025-11-18 04:40:00,0,629.35448333333329,3776.1269000000002,0,0.48909999999999998,0.45062448784142173,651.59811439444013,0,0,629.35448333333329,22.243631061106839,0,0,0,0,10050.000000000002,22.243631061106839,651.59811439444013,1238.8411180524945,318.69663775032063,0,0,318.69663775032063
2025-11-18,28,2025-11-18 04:50:00,0,620.16846666666663,3721.0108,0,0.43359999999999999,0.45485889897538107,623.8017835960402,0,0,620.16846666666663,3.6333169293735637,0,0,0,0,10050.000000000002,3.6333169293735637,623.8017835960402,1238.8411180524945,270.480453367243,0,0,270.480453367243
2025-11-18,29,2025-11-18 05:00:00,0,587.34999999999991,3524.0999999999999,0,0.40610000000000002,0.4768391085402689,630.7797753858531,0,0,587.34999999999991,43.429775385853191,0,0,0,0,10050.000000000002,43.429775385853191,630.7797753858531,1238.8411180524945,256.15966678419494,0,0,256.15966678419494
2025-11-18,30,2025-11-18 05:10:00,0,616.23714999999993,3697.4229,0,0.43859999999999999,0.47095595240038862,634.97021476606312,0,0,616.23714999999993,18.733064766063194,0,0,0,0,10050.000000000002,18.733064766063194,634.97021476606312,1238.8411180524945,278.4979361963953,0,0,278.4979361963953
2025-11-18,31,2025-11-18 05:20:00,0,615.47921666666662,3692.8876,0.0123,0.45290000000000002,0.46306067576440557,650.96509101690174,0,0,615.47921666666662,35.485874350235122,0,0,0,0,10050.000000000002,35.485874350235122,650.96509101690174,1238.8411180524945,294.82208972155479,0,0,294.82208972155479
2025-11-18,32,2025-11-18 05:30:00,0,568.11333333333323,3408.6799999999998,0,0.39219999999999999,0.43674209482523779,626.67308553851524,0,0,568.11333333333323,58.559752205182008,0,0,0,0,10050.000000000002,58.559752205182008,626.67308553851524,1238.8411180524945,245.78118414820568,0,0,245.78118414820568
2025-11-18,33,2025-11-18 05:40:00,0,568.2143166666666,3409.2858999999999,0,0.32569999999999999,0.40084723667893896,1455.5578826230667,833.33333333333326,0,1401.54765,54.010232623066713,833.33333333333326,0,0,0,10800.000000000002,54.010232623066713,1455.5578826230667,1238.8411180524945,474.07520237033282,0,0,474.07520237033282
2025-11-18,34,2025-11-18 05:50:00,0,669.54548333333332,4017.4445000000001,0.1716,0.6018,0.62962954941959826,666.63353161362102,0,0,666.63353161362102,0,0,0,2.9119517197123059,0,10800.000000000002,0,666.63353161362102,1238.8411180524945,401.18005932507714,0,8.7620627246143279,409.94212204969148
2025-11-18,35,2025-11-18 06:00:00,0,798.50999999999999,4791.0600000000004,0,1.0315000000000001,0.97887036033956254,788.76090156877842,0,0,788.76090156877842,0,0,0,9.7490984312215687,0,10800.000000000002,0,788.76090156877842,1238.8411180524945,813.60686996819504,0,50.280975159025246,863.88784512722032
2025-11-18,36,2025-11-18 06:10:00,6,817.56756666666661,4905.4053999999996,0,1.0411999999999999,1.0155991161090328,3.1871320863459687,0,833.33333333333326,0,3.1871320863459687,0,833.33333333333326,0,15.76576666666665,9874.0740740740766,18.952898753012619,0,1238.8411180524945,0,4.9776628924551334,0,4.9776628924551334
2025-11-18,37,2025-11-18 06:20:00,6,795.35549999999989,4774.5234,2.3904000000000001,0.93369999999999997,0.98283331267808915,838.47561061503848,0,19.631620239762242,775.72387976023765,62.751730854800826,0,19.631620239762242,0,0,9852.2611626965627,62.751730854800826,838.47561061503825,1238.8411180524945,782.88467763126118,3.1844820114201865e-13,0,782.88467763126152
2025-11-18,38,2025-11-18 06:30:00,6,791.69499999999994,4750.1700000000001,0,0.94120000000000004,1.0183884564501755,19.392110708318569,0,833.33333333333326,0,19.392110708318569,0,833.33333333333326,0,41.638333333333321,8926.3352367706357,61.03044404165189,13.166527374985208,1238.8411180524945,12.392335565336078,8.7892785500000397,0,21.181614115336117
2025-11-18,39,2025-11-18 06:40:00,6,798.06671666666671,4788.4003000000002,0,0.99770000000000003,0.99654944951993885,674.65891008142592,0,175.67892666773582,622.38778999893088,52.271120082495031,0,175.67892666773582,0,0,8731.1364293620409,52.271120082495031,674.65891008142592,1238.8411180524945,673.10719458823871,0,0,673.10719458823871
2025-11-18,40,2025-11-18 06:50:00,6,790.86603333333335,4786.6592000000001,41.463000000000001,1.0321,0.96647218261847634,839.06467145210593,0,0,790.86603333333335,48.198638118772578,0,0,0,0,8731.1364293620409,48.198638118772578,853.85099854965688,1238.8411180524945,881.25961560310088,-7.6304840986911691,0,873.62913150440977
2025-11-18,41,2025-11-18 07:00:00,6,756.69083333333333,4760.7200000000003,220.57499999999999,1.0016,0.95823056461270761,784.37853623966203,0,36.178321626138654,720.51251170719468,63.86602453246735,0,36.178321626138654,0,0,8690.9382942218872,63.86602453246735,784.37853623966203,1238.8411180524945,785.6335418976455,0,0,785.6335418976455
2025-11-18,42,2025-11-18 07:10:00,6,716.83684999999991,4816.6368000000002,515.61569999999995,0.91620000000000001,0.94337461713281001,715.95704081806082,0,0,715.95704081806082,0,0,0,0.87980918193909474,0,8690.9382942218872,0,732.59970198804172,1238.8411180524945,671.20784696144381,-7.6240030819682492,4.0304058624629935,667.61424974193858
2025-11-18,43,2025-11-18 07:20:00,6,678.00473333333332,4901.5859,833.5575,0.88639999999999997,0.94212837269650362,668.89186964266185,0,6.6028230103427177,668.89186964266185,0,0,6.6028230103427177,2.5100406803287569,0,8683.6018242103946,0,668.89186964266185,1238.8411180524945,592.90575325125542,0,11.12450029521705,604.03025354647252
2025-11-18,44,2025-11-18 07:30:00,6,609.07291666666652,4813.1499999999996,1158.7125000000001,0.88770000000000004,0.90700316553489435,616.00452073584836,0,39.158520243101741,569.91439642356477,46.090124312283592,0,39.158520243101741,0,0,8640.0923572736156,46.090124312283592,616.00452073584836,1238.8411180524945,546.82721305721259,0,0,546.82721305721259
2025-11-18,45,2025-11-18 07:40:00,6,503.38046666666662,4560.0136000000002,1539.7308,0.83379999999999999,0.81914743753439556,556.10748140387113,0,9.433253497767101,493.94721316889951,62.160268234971625,0,9.433253497767101,0,0,8629.6109644983189,62.160268234971625,556.10748140387113,1238.8411180524945,463.68241799454773,0,0,463.68241799454773
2025-11-18,46,2025-11-18 07:50:00,6,574.58489999999995,5342.3413,1894.8318999999999,1.0114000000000001,0.99125374986794579,613.59771415737328,0,1.9950284555026712,572.58987154449733,41.007842612875947,0,1.9950284555026712,0,0,8627.3942662144273,41.007842612875947,613.59771415737328,1238.8411180524945,620.59272809876734,0,0,620.59272809876734
2025-11-18,47,2025-11-18 08:00:00,6,747.02541666666662,6685.54,2203.3874999999998,1.3210999999999999,1.307857781613228,0,0,762.62783639937618,0,0,0,762.62783639937618,0,15.602419732709564,7780.0300035484543,15.602419732709564,0,1238.8411180524945,0,0,0,0
2025-11-18,48,2025-11-18 08:10:00,6,715.74148333333324,6822.0938999999998,2527.645,1.3419000000000001,1.3224654065536527,0,0,751.46092178864615,0,0,0,751.46092178864615,0,35.719438455312911,6945.0734237832912,35.719438455312911,0,1238.8411180524945,0,0,0,0
2025-11-18,49,2025-11-18 08:20:00,6,630.29464999999993,6662.0438999999997,2880.2759999999998,1.2786999999999999,1.2522518520848076,0,0,668.43240278060966,0,0,0,668.43240278060966,0,38.137752780609731,6202.370754027058,38.137752780609731,0,1238.8411180524945,0,0,0,0
2025-11-18,50,2025-11-18 08:30:00,6,589.68583333333322,6759.29,3221.1750000000002,1.2654000000000001,1.2428029848811977,0,0,609.19851983675994,0,0,0,609.19851983675994,0,19.512686503426721,5525.4835097639916,19.512686503426721,0,1238.8411180524945,0,0,0,0
2025-11-18,51,2025-11-18 08:40:00,6,538.66941666666673,6735.6315000000004,3503.6149999999998,1.2292000000000001,1.2050541555059129,0,0,540.13705297635431,0,0,0,540.13705297635431,0,1.4676363096875775,4925.3312286791534,1.4676363096875775,0,1238.8411180524945,0,0,0,0
2025-11-18,52,2025-11-18 08:50:00,6,476.58916666666664,6667.2696999999998,3807.7347,1.1984999999999999,1.1741717048195583,0,0,502.56821334761514,0,0,0,502.56821334761514,0,25.9790466809485,4366.9221027373587,25.9790466809485,0,1238.8411180524945,0,0,0,0
2025-11-18,53,2025-11-18 09:00:00,6,410.45541666666668,6617.3199999999997,4154.5874999999996,1.1819,1.1681472692203283,0,0,471.20502803151322,0,0,0,471.20502803151322,0,60.749611364846544,3843.3609604801222,60.749611364846544,0,1238.8411180524945,0,0,0,0
2025-11-18,54,2025-11-18 09:10:00,6,343.69918333333328,6540.6297999999997,4478.4346999999998,1.1474,1.154698404000577,0,0,384.78542074940691,0,0,0,384.78542074940691,0,41.086237416073629,3415.8216040918924,41.086237416073629,0,1238.8411180524945,0,0,0,0
2025-11-18,55,2025-11-18 09:20:00,6,295.38459999999998,6506.7163,4734.4087,1.0936999999999999,1.1270601457141118,0,0,377.78335810760939,0,0,0,377.78335810760939,0,82.39875810760941,2996.0623173056601,82.39875810760941,0,1238.8411180524945,0,0,0,0
2025-11-18,56,2025-11-18 09:30:00,6,257.70291666666674,6500.6800000000003,4954.4624999999996,1.0589,1.1040817410544206,0,0,338.42456744235244,0,0,0,338.42456744235244,0,80.721650775685703,2620.0350201474912,80.721650775685703,0,1238.8411180524945,0,0,0,0
2025-11-18,57,2025-11-18 09:40:00,6,202.6595166666666,6423.5429999999997,5207.5859,1.0782,1.0986890607330362,0,0,345.32478678237504,0,0,0,345.32478678237504,0,142.66527011570844,2236.3408126115191,142.66527011570844,0,1238.8411180524945,0,0,0,0
2025-11-18,58,2025-11-18 09:50:00,6,144.90061666666662,6303.7741999999998,5434.3705,1.0580000000000001,1.0747608614785515,0,0,288.6968449292479,0,0,0,288.6968449292479,0,143.79622826258128,1915.5665404679112,143.79622826258128,0,1238.8411180524945,0,0,0,0
2025-11-18,59,2025-11-18 10:00:00,6,108.15541666666664,6324.6700000000001,5675.7375000000002,1.0051000000000001,1.0424586825631683,0,0,197.81908635207643,0,0,0,197.81908635207643,0,89.663669685409786,1695.7675556322702,89.663669685409786,0,1238.8411180524945,0,0,0,0
2025-11-18,60,2025-11-18 10:10:00,6,102.9400666666667,6627.2134999999998,6009.5730999999996,1.0162,1.0333928437734914,0,0,134.87866950989093,0,0,0,134.87866950989093,0,31.938602843224231,1545.9023672879466,31.938602843224231,0,1238.8411180524945,0,0,0,0
2025-11-18,61,2025-11-18 10:20:00,6,95.973899999999958,6721.5936000000002,6145.7502000000004,1.0187999999999999,0.9864955233190067,0,0,105.85754827522592,0,0,0,105.85754827522592,0,9.8836482752259656,1428.2828692043622,9.8836482752259656,0,1238.8411180524945,0,0,0,0
2025-11-18,62,2025-11-18 10:30:00,6,74.669583333333321,6534.2299999999996,6086.2124999999996,1.0173000000000001,0.95108036967492426,84.746192590319424,0,0,74.669583333333321,10.076609256986103,0,0,0,0,1428.2828692043622,10.076609256986103,134.68493159540813,1238.8411180524945,137.0149809120087,-25.401339594938374,0,111.61364131707032
2025-11-18,63,2025-11-18 10:40:00,6,54.499916666666799,6462.5753000000004,6135.5757999999996,1.0583,1.0021503010018054,0,0,114.41329859055273,0,0,0,114.41329859055273,0,59.913381923885929,1301.156981881526,59.913381923885929,0,1238.8411180524945,0,0,0,0
2025-11-18,64,2025-11-18 10:50:00,6,36.298233333333272,6488.4229999999998,6270.6336000000001,0.8952,0.85977469332677103,67.005054202655742,0,0,36.298233333333272,30.70682086932247,0,0,0,0,1301.156981881526,30.70682086932247,87.858030871225083,1238.8411180524945,78.650509235920694,-9.333792356851637,0,69.316716879069062
2025-11-18,65,2025-11-18 11:00:00,6,7.9341666666667452,6512.3800000000001,6464.7749999999996,0.62680000000000002,0.58607792085668098,864.091538818863,833.33333333333326,0,841.26750000000004,22.824038818862959,833.33333333333326,0,0,0,2051.156981881526,22.824038818862959,897.53168763701103,1238.8411180524945,562.57286181087852,-10.480142639607594,0,552.09271917127091
2025-11-18,66,2025-11-18 11:10:00,6,-41.666516666666666,6467.6632,6717.6623,0.61370000000000002,0.54597910478441924,830.01313707223892,833.33333333333326,0,791.66681666666659,38.346320405572328,833.33333333333326,0,0,0,2801.156981881526,38.346320405572328,902.07859098093377,1238.8411180524945,553.60563128499905,-22.113284531883014,0,531.49234675311607
2025-11-18,67,2025-11-18 11:20:00,6,-83.579766666666572,6311.3914000000004,6812.8699999999999,0.59899999999999998,0.59813319480356408,820.08839690376794,833.33333333333326,0,749.75356666666664,70.334830237101301,833.33333333333326,0,0,0,3551.156981881526,70.334830237101301,928.23683521572104,1238.8411180524945,556.01386429421689,-32.390457274429956,0,523.6234070197869
2025-11-18,68,2025-11-18 11:30:00,6,-79.966249999999945,6226.1400000000003,6705.9375,0.52739999999999998,0.59481120513188523,844.80422696008156,833.33333333333326,0,753.36708333333331,91.437143626748252,833.33333333333326,0,0,0,4301.156981881526,91.437143626748252,934.14755305085123,1238.8411180524945,492.66941947901893,-23.559835090135959,0,469.10958438888298
2025-11-18,69,2025-11-18 11:40:00,6,-27.524316666666738,6412.5442999999996,6577.6902,0.60370000000000001,0.54902251520835599,829.06148253029994,833.33333333333326,0,805.80901666666648,23.252465863633461,833.33333333333326,0,0,0,5051.156981881526,23.252465863633461,925.78816657049094,1238.8411180524945,558.89831615860544,-29.196949577531655,0,529.70136658107378
2025-11-18,70,2025-11-18 11:50:00,6,-48.337599999999988,6298.5384000000004,6588.5640000000003,0.64139999999999997,0.50550075211280687,776.15601437517103,833.33333333333326,0,776.15601437517103,0,833.33333333333326,0,8.8397189581622797,0,5801.156981881526,0,866.89012920575203,1238.8411180524945,556.02332887256932,-29.098430626167328,28.348978698826429,555.27387694522838
2025-11-18,71,2025-11-18 12:00:00,6,-113.03125,5895.8999999999996,6574.0874999999996,0.59340000000000004,0.49049760893700983,744.1118553376881,833.33333333333326,0,720.30208333333326,23.809772004354841,833.33333333333326,0,0,0,6551.156981881526,23.809772004354841,824.85396147588176,1238.8411180524945,489.46834073978829,-23.956182891202062,0,465.51215784858624
2025-11-18,72,2025-11-18 12:10:00,12,-72.138683333333262,5810.7038000000002,6243.5358999999999,0.60619999999999996,0.49802304008386589,762.44236816603768,833.33333333333326,0,761.19465000000002,1.2477181660376573,833.33333333333326,0,0,0,7301.156981881526,1.2477181660376573,829.43868163210539,1238.8411180524945,502.80572880538227,-20.306582611565119,0,482.49914619381718
2025-11-18,73,2025-11-18 12:20:00,12,-22.699066666666717,5912.2223999999997,6048.4168,0.63629999999999998,0.48563789966997284,825.44528397845136,833.33333333333326,0,810.63426666666658,14.811017311784781,833.33333333333326,0,0,0,8051.156981881526,14.811017311784781,850.58657286734024,1238.8411180524945,541.22823631548863,-7.9987010599999966,0,533.2295352554886
2025-11-18,74,2025-11-18 12:30:00,12,-27.690833333333252,5962.1800000000003,6128.3249999999998,0.61409999999999998,0.44740307103911747,880.25975269713638,833.33333333333326,0,805.64250000000004,74.617252697136337,833.33333333333326,0,0,0,8801.156981881526,74.617252697136337,917.04116103046954,1238.8411180524945,563.15497698881131,-11.293731428749947,0,551.86124556006132
2025-11-18,75,2025-11-18 12:40:00,12,-47.181899999999885,5898.2727000000004,6181.3640999999998,0.55220000000000002,0.45084971195734191,879.38654441990036,833.33333333333326,0,786.15143333333333,93.235111086567031,833.33333333333326,0,0,0,9551.156981881526,93.235111086567031,927.80807219767792,1238.8411180524945,512.33561746755777,-13.369183819444384,0,498.96643364811337
2025-11-18,76,2025-11-18 12:50:00,12,-23.957283333333329,6003.1706000000004,6146.9143000000004,0.68379999999999996,0.639495893313203,881.50737503248297,833.33333333333326,0,809.37604999999996,72.131325032483005,833.33333333333326,0,0,0,10301.156981881526,72.131325032483005,953.88950233472428,1238.8411180524945,652.26964169648443,-24.747449324636303,0,627.52219237184818
2025-11-18,77,2025-11-18 13:00:00,12,21.085833333333387,6234.29,6107.7749999999996,0.92989999999999995,0.89872124685348498,96.661987997047916,0,0,21.085833333333387,75.576154663714533,0,0,0,0,10301.156981881526,75.576154663714533,211.57129625056086,1238.8411180524945,196.74014838339653,-53.427082872470841,0,143.3130655109257
2025-11-18,78,2025-11-18 13:10:00,12,18.092249999999996,6258.5194000000001,6149.9659000000001,0.96850000000000003,0.94708948495008749,93.183012976203514,0,0,18.092249999999996,75.090762976203521,0,0,0,0,10301.156981881526,75.090762976203521,167.12505595401831,1238.8411180524945,161.86061669146673,-35.806434312006814,0,126.05418237945992
2025-11-18,79,2025-11-18 13:20:00,12,23.452616666666774,6215.0762000000004,6074.3604999999998,0.96440000000000003,0.90852206332651986,122.09935815445456,0,0,23.452616666666774,98.646741487787793,0,0,0,0,10301.156981881526,98.646741487787793,176.30303460068987,1238.8411180524945,170.02664656890531,-26.137012782374665,0,143.88963378653065
2025-11-18,80,2025-11-18 13:30:00,12,49.597083333333401,6188.2700000000004,5890.6875,0.99380000000000002,0.90926988172375567,124.44836384187131,0,0,49.597083333333401,74.851280508537911,0,0,0,0,10301.156981881526,74.851280508537911,242.86957600015896,1238.8411180524945,241.36378462895797,-58.843500321453135,0,182.52028430750482
2025-11-18,81,2025-11-18 13:40:00,12,54.88449999999996,6134.1693999999998,5804.8624,0.96760000000000002,0.94172040206813235,117.23735055411952,0,0,54.88449999999996,62.352850554119556,0,0,0,0,10301.156981881526,62.352850554119556,265.7646871808065,1238.8411180524945,257.15391131614837,-71.857525459991166,0,185.2963858561572
2025-11-18,82,2025-11-18 13:50:00,12,84.711066666666738,6197.1445000000003,5688.8780999999999,0.98809999999999998,0.9459820037284149,121.94935762793057,0,0,84.711066666666738,37.238290961263829,0,0,0,0,10301.156981881526,37.238290961263829,327.59458095208043,1238.8411180524945,323.69620543875067,-101.59902258329625,0,222.09718285545443
2025-11-18,83,2025-11-18 14:00:00,12,153.80208333333331,6371.75,5448.9375,1.0868,0.93435567273698539,149.39545479270447,0,0,149.39545479270447,0,0,0,4.4066285406288443,0,10301.156981881526,0,396.46801299330752,1238.8411180524945,430.8814365211266,-134.25922812620769,23.94561948977714,320.56782788469604
2025-11-18,84,2025-11-18 14:10:00,12,220.92509999999993,6456.9314999999997,5131.3809000000001,1.1656,0.97080593561656614,188.63635153845399,0,0,188.63635153845399,0,0,0,32.288748461545936,0,10301.156981881526,0,378.92857695059911,1238.8411180524945,441.67914929361831,-110.90230897019816,188.17882603388969,518.95566635730984
2025-11-18,85,2025-11-18 14:20:00,12,238.24901666666665,6282.4255999999996,4852.9314999999997,1.1032,0.99846914958965882,0,0,234.42070793411403,0,0,0,234.42070793411403,3.8283087325526139,0,10040.689528621398,0,0,1238.8411180524945,0,0,21.116950968760218,21.116950968760218
2025-11-18,86,2025-11-18 14:30:00,12,251.35833333333326,6094.25,4586.1000000000004,1.0232000000000001,1.0275127315510078,0,0,281.55124231000883,0,0,0,281.55124231000883,0,30.192908976675568,9727.8548149436119,30.192908976675568,0,1238.8411180524945,0,0,0,0
2025-11-18,87,2025-11-18 14:40:00,12,347.6344666666667,6304.8697000000002,4219.0628999999999,1.1448,1.0914071411420734,0,0,344.37077838689112,0,0,0,344.37077838689112,3.2636882797755788,0,9345.2206167359545,0,0,1238.8411180524945,0,0,18.681351713435415,18.681351713435415
2025-11-18,88,2025-11-18 14:50:00,12,410.1559666666667,6395.3882000000003,3934.4524000000001,1.0918000000000001,0.96926004656484521,355.70665622769485,0,40.698555062357443,355.70665622769485,0,0,40.698555062357443,13.750755376614393,0,9300.0000000000018,0,572.375989580431,1238.8411180524945,624.92010542391461,-118.27978907725867,75.065373600937974,581.7056899475939
2025-11-18,89,2025-11-18 15:00:00,12,416.16458333333327,6256.6999999999998,3759.7125000000001,0.85450000000000004,0.75198323706099279,1280.9146063949402,833.33333333333326,0,1249.4979166666665,31.416689728273695,833.33333333333326,0,0,0,10050.000000000002,31.416689728273695,1441.001788352406,1238.8411180524945,1231.3360281471309,-68.397248491327304,0,1162.9387796558037
2025-11-18,90,2025-11-18 15:10:00,12,457.8769666666667,6277.8287,3530.5668999999998,0.8155,0.76893562153077355,1332.3904218889222,833.33333333333326,0,1291.2103,41.180121888922258,833.33333333333326,0,0,0,10800.000000000002,41.180121888922258,1444.8790208921409,1238.8411180524945,1178.298841537541,-45.867226243562435,0,1132.4316152939784
2025-11-18,91,2025-11-18 15:20:00,12,504.05038333333334,6263.6121000000003,3239.3098,0.86160000000000003,0.84840397814680202,532.40741453448436,0,0,504.05038333333334,28.357031201151017,0,0,0,0,10800.000000000002,28.357031201151017,631.6511280335402,1238.8411180524945,544.23061191369823,-42.754191775393259,0,501.47642013830495
2025-11-18,92,2025-11-18 15:30:00,12,530.74666666666656,6131.5299999999997,2947.0500000000002,0.88029999999999997,0.86440315602304862,580.61129414197762,0,0,530.74666666666656,49.864627475311067,0,0,0,0,10800.000000000002,49.864627475311067,638.58836119676721,1238.8411180524945,562.14933436151421,-25.518606064165635,0,536.63072829734858
2025-11-18,93,2025-11-18 15:40:00,12,555.59815000000003,6040.1490000000003,2706.5601000000001,0.88970000000000005,0.87541919415662695,595.48901367321594,0,0,555.59815000000003,39.890863673215904,0,0,0,0,10800.000000000002,39.890863673215904,682.36302562619085,1238.8411180524945,607.09838389962204,-38.645904217280894,0,568.45247968234116
2025-11-18,94,2025-11-18 15:50:00,12,602.54793333333328,6048.8275999999996,2433.54,0.90480000000000005,0.90277229315370111,640.27577062065563,0,0,602.54793333333328,37.727837287322359,0,0,0,0,10800.000000000002,37.727837287322359,717.53921317139088,1238.8411180524945,649.22948007747448,-34.953981409952625,0,614.2754986675219
2025-11-18,95,2025-11-18 16:00:00,12,677.01874999999995,6181.0500000000002,2118.9375,0.94199999999999995,0.93533219226896858,678.70036400181391,0,0,677.01874999999995,1.6816140018139549,0,0,0,0,10800.000000000002,1.6816140018139549,768.7428764638745,1238.8411180524945,724.15578962896973,-42.410023369630537,0,681.74576625933923
2025-11-18,96,2025-11-18 16:10:00,12,759.8629833333332,6387.7305999999999,1828.5527,1.0067999999999999,0.95419035734685442,737.00372093295391,0,0,737.00372093295391,0,0,0,22.859262400379293,0,10800.000000000002,0,820.14514660098234,1238.8411180524945,825.72213359786895,-41.85339368128551,115.07352692350936,898.94226684009277
2025-11-18,97,2025-11-18 16:20:00,12,814.43444999999997,6379.5502999999999,1492.9436000000001,1.0476000000000001,0.9732766051061712,791.26947219030137,0,0,791.26947219030137,0,0,0,23.164977809698598,0,10800.000000000002,0,852.49497718307862,1238.8411180524945,893.07373809699322,-32.069919515216725,121.33815376720126,982.34197234897772
2025-11-18,98,2025-11-18 16:30:00,12,848.60374999999999,6204.0600000000004,1112.4375,1.0576000000000001,1.0044299107486041,856.87283912544638,0,0,848.60374999999999,8.269089125446385,0,0,0,0,10800.000000000002,8.269089125446385,880.15373900857765,1238.8411180524945,930.85059437547181,-12.310939858199816,0,918.53965451727197
2025-11-18,99,2025-11-18 16:40:00,12,902.69361666666668,6185.9714000000004,769.80970000000002,1.0737000000000001,1.0439855057453182,914.17984775255843,0,0,902.69361666666668,11.486231085891745,0,0,0,0,10800.000000000002,11.486231085891745,939.12362142028962,1238.8411180524945,1008.337032318965,-13.391064893521492,0,994.94596742544354
2025-11-18,100,2025-11-18 16:50:00,12,953.51121666666677,6181.4615000000003,460.39420000000001,1.0750999999999999,1.0618734571624981,968.91243068306221,0,2.7720781060451145,950.73913856062165,18.173292122440557,0,2.7720781060451145,0,0,10796.919913215508,18.173292122440557,968.91243068306221,1238.8411180524945,1041.6777542273601,0,0,1041.6777542273601
2025-11-18,101,2025-11-18 17:00:00,12,992.78750000000002,6156.75,200.02500000000001,1.0864,1.0639126948695703,992.39327701516925,3.4223186494384157,0,992.39327701516925,0,3.4223186494384157,0,3.8165416342692424,0,10800.000000000002,0,994.60544169906427,1238.8411180524945,1080.5393518618635,-1.2016478562917778,20.731454157350527,1100.0691581629221
2025-11-18,102,2025-11-18 17:10:00,12,1029.3392999999999,6214.8150999999998,38.779299999999999,1.1551,1.0808808933607581,1036.0382716672495,0,7.5740125702532168,1021.7652874297466,14.272984237502897,0,7.5740125702532168,0,0,10791.584430477498,14.272984237502897,1036.0382716672495,1238.8411180524945,1196.7278076028399,0,0,1196.7278076028399
2025-11-18,103,2025-11-18 17:20:00,12,1016.9242333333333,6101.5454,0,1.181,1.0835267735669649,1072.3194428464926,6.8515058655854464,0,1023.7757391989187,48.543703647573921,6.8515058655854464,0,0,0,10797.750785756525,48.543703647573921,1072.3194428464926,1238.8411180524945,1266.4092620017079,0,0,1266.4092620017079
2025-11-18,104,2025-11-18 17:30:00,12,995.33333333333326,5972,0,1.1143000000000001,1.0645147361054177,1073.9748541032486,2.4991269371967064,0,997.83246027052996,76.142393832718653,2.4991269371967064,0,0,0,10800.000000000002,76.142393832718653,1073.9748541032486,1238.8411180524945,1196.73017992725,0,0,1196.73017992725
2025-11-18,105,2025-11-18 17:40:00,12,1019.74515,6120.7232000000004,2.2523,1.0279,1.068605534516067,1091.2185139978633,0,0,1019.74515,71.473363997863316,0,0,0,0,10800.000000000002,71.473363997863316,1085.867915711566,1238.8411180524945,1116.1636305599186,8.2498199677275341,0,1124.4134505276461
2025-11-18,106,2025-11-18 17:50:00,12,911.81835000000001,5470.9101000000001,0,1.1234,1.1594106998035996,969.76648888254965,0,0.60156735302552988,911.21678264697448,58.549706235575172,0,0.60156735302552988,0,0,10799.331591829974,58.549706235575172,969.76648888254965,1238.8411180524945,1089.4356736106563,0,0,1089.4356736106563
2025-11-18,107,2025-11-18 18:00:00,12,715.99666666666656,4295.9799999999996,0,1.2968,1.2795855268110274,0,0,737.79375358343407,0,0,0,737.79375358343407,0,21.797086916767512,9979.5607545150469,21.797086916767512,0,1238.8411180524945,0,0,0,0
2025-11-18,108,2025-11-18 18:10:00,18,675.66686666666658,4054.1628999999998,0.16170000000000001,1.242,1.2970040693194615,0,0,703.72404091190037,0,0,0,703.72404091190037,0,28.057174245233796,9197.6451535018241,28.057174245233796,0,1238.8411180524945,0,0,0,0
2025-11-18,109,2025-11-18 18:20:00,18,696.04343333333327,4176.2605999999996,0,1.1777,1.2616166120237182,757.5857204069689,0,0,696.04343333333327,61.542287073635634,0,0,0,0,9197.6451535018241,61.542287073635634,757.5857204069689,1238.8411180524945,892.20870292328721,0,0,892.20870292328721
2025-11-18,110,2025-11-18 18:30:00,18,699.22500000000002,4195.3500000000004,0,1.2228000000000001,1.2486033031698669,740.16054409186597,0,0,699.22500000000002,40.93554409186595,0,0,0,0,9197.6451535018241,40.93554409186595,740.16054409186597,1238.8411180524945,905.06831331553383,0,0,905.06831331553383
2025-11-18,111,2025-11-18 18:40:00,18,705.67081666666672,4234.0365000000002,0.011599999999999999,1.2738,1.2742121729257807,0,0,758.93648901821666,0,0,0,758.93648901821666,0,53.265672351549938,8354.3823879260271,53.265672351549938,0,1238.8411180524945,0,0,0,0
2025-11-18,112,2025-11-18 18:50:00,18,710.92843333333326,4265.5706,0,1.2811999999999999,1.2735467968015768,737.38696623306907,0,0,710.92843333333326,26.458532899735815,0,0,0,0,8354.3823879260271,26.458532899735815,737.38696623306907,1238.8411180524945,944.74018113780801,0,0,944.74018113780801
2025-11-18,113,2025-11-18 19:00:00,18,717.26499999999999,4303.5900000000001,0,1.2643,1.2514332486816167,720.36137128573318,13.037578524486662,0,720.36137128573318,0,13.037578524486662,0,9.9412072387534636,0,8366.1162085980668,0,720.36137128573318,1238.8411180524945,910.75288171655245,0,62.843341559780022,973.59622327633247
2025-11-18,114,2025-11-18 19:10:00,18,732.71004999999991,4396.2602999999999,0,1.2768999999999999,1.2703808991736201,0,0,737.73646831698454,0,0,0,737.73646831698454,0,5.0264183169846319,7546.4090215791948,5.0264183169846319,0,1238.8411180524945,0,0,0,0
2025-11-18,115,2025-11-18 19:20:00,18,733.31991666666659,4399.9195,0,1.2941,1.2856751817462551,0,0,741.69762318657672,0,0,0,741.69762318657672,0,8.3777065199101344,6722.3005513718872,8.3777065199101344,0,1238.8411180524945,0,0,0,0
2025-11-18,116,2025-11-18 19:30:00,18,719.4516666666666,4316.71,0,1.2917000000000001,1.2821578944613521,0,0,741.45244256604349,0,0,0,741.45244256604349,0,22.00077589937689,5898.4645040762834,22.00077589937689,0,1238.8411180524945,0,0,0,0
2025-11-18,117,2025-11-18 19:40:00,18,714.53146666666657,4287.1887999999999,0,1.2709999999999999,1.2892943799723111,0,0,729.77198965330115,0,0,0,729.77198965330115,0,15.240522986634573,5087.6067377948375,15.240522986634573,0,1238.8411180524945,0,0,0,0
2025-11-18,118,2025-11-18 19:50:00,18,705.89799999999991,4235.3879999999999,0,1.2535000000000001,1.2801882737230865,0,0,736.85059036814164,0,0,0,736.85059036814164,0,30.952590368141728,4268.8838596080132,30.952590368141728,0,1238.8411180524945,0,0,0,0
2025-11-18,119,2025-11-18 20:00:00,18,704.05833333333339,4224.3500000000004,0,1.2569999999999999,1.2560690722992578,0,0,722.13354723502368,0,0,0,722.13354723502368,0,18.07521390169029,3466.5132515690984,18.07521390169029,0,1238.8411180524945,0,0,0,0
2025-11-18,120,2025-11-18 20:10:00,18,730.53403333333335,4383.2042000000001,0,1.2730999999999999,1.2549510140745905,734.77650991996609,5.6891360486725944,0,734.77650991996609,0,5.6891360486725944,0,1.446659462039861,0,3471.6334740129041,0,734.77650991996609,1238.8411180524945,935.44397477910877,0,9.208710805614734,944.65268558472349
2025-11-18,121,2025-11-18 20:20:00,18,724.64606666666668,4347.8764000000001,0,1.2317,1.2689530376852269,167.28962852833831,0,569.22705737117246,155.41900929549422,11.870619232844092,0,569.22705737117246,0,0,2839.1589658227122,11.870619232844092,167.28962852833831,1238.8411180524945,206.05063545835429,0,0,206.05063545835429
2025-11-18,122,2025-11-18 20:30:00,18,694.18666666666661,4165.1199999999999,0,1.1856,1.2922167298851117,0,0,734.93622443655568,0,0,0,734.93622443655568,0,40.749557769889066,2022.5631608932063,40.749557769889066,0,1238.8411180524945,0,0,0,0
2025-11-18,123,2025-11-18 20:40:00,18,710.45508333333328,4262.7304999999997,0,1.238,1.2979875935436507,0,0,730.87387705133369,0,0,0,730.87387705133369,0,20.418793718000416,1210.4810752806134,20.418793718000416,0,1238.8411180524945,0,0,0,0
2025-11-18,124,2025-11-18 20:50:00,18,742.30441666666661,4453.8265000000001,0,1.1585000000000001,1.154580534819422,732.10204775817112,9.7834984569078607,0,732.10204775817112,0,9.7834984569078607,0,19.985867365403351,0,1219.2862238918296,0,732.10204775817112,1238.8411180524945,848.14022232784134,0,115.76813671409892,963.90835904194023
2025-11-18,125,2025-11-18 21:00:00,18,755.69333333333327,4534.1599999999999,0,0.97970000000000002,0.95299447473374921,738.57781017758509,16.432999821963787,0,738.57781017758509,0,16.432999821963787,0,33.548522977711968,0,1234.0759237315979,0,738.57781017758509,1238.8411180524945,723.58468063098007,0,164.3374398063221,887.92212043730217
2025-11-18,126,2025-11-18 21:10:00,18,745.81569999999988,4474.8941999999997,0,0.96599999999999997,0.92996507300561182,734.60859273265021,0,17.572693639076647,728.24300636092323,6.3655863717269767,0,17.572693639076647,0,0,1214.5507085770678,6.3655863717269767,734.60859273265021,1238.8411180524945,709.63190057974009,0,0,709.63190057974009
2025-11-18,127,2025-11-18 21:20:00,18,729.85173333333319,4379.1103999999996,0,0.93240000000000001,0.9520206252248915,737.60862440358994,0,13.095637719360184,716.756095613973,20.85252878961694,0,13.095637719360184,0,0,1200.0000000000018,20.85252878961694,737.60862440358994,1238.8411180524945,687.74628139390722,0,0,687.74628139390722
2025-11-18,128,2025-11-18 21:30:00,18,726.65333333333331,4359.9200000000001,0,0.87260000000000004,0.97011417728416094,752.39342089859099,0,0,726.65333333333331,25.740087565257681,0,0,0,0,1200.0000000000018,25.740087565257681,752.39342089859099,1238.8411180524945,656.5384990761105,0,0,656.5384990761105
2025-11-18,129,2025-11-18 21:40:00,18,730.41705000000002,4382.5023000000001,0,0.93799999999999994,1.0187907008805879,805.8277902873773,0,0,730.41705000000002,75.41074028737728,0,0,0,0,1200.0000000000018,75.41074028737728,805.8277902873773,1238.8411180524945,755.86646728955986,0,0,755.86646728955986
2025-11-18,130,2025-11-18 21:50:00,18,657.18558333333328,3943.1134999999999,0,0.75590000000000002,0.7970575485420931,713.99163512401799,0,0,657.18558333333328,56.806051790684705,0,0,0,0,1200.0000000000018,56.806051790684705,713.99163512401799,1238.8411180524945,539.70627699024521,0,0,539.70627699024521
2025-11-18,131,2025-11-18 22:00:00,18,544.76666666666665,3268.5999999999999,0,0.41820000000000002,0.4389356109947356,553.29879488298229,6.0320610335698079,0,550.79872770023644,2.5000671827458518,6.0320610335698079,0,0,0,1205.4288549302146,2.5000671827458518,553.29879488298229,1238.8411180524945,231.3895560200632,0,0,231.3895560200632
2025-11-18,132,2025-11-18 22:10:00,18,527.8134,3166.8804,0,0.41670000000000001,0.40556518166730732,581.79429360602546,14.17854623120877,0,541.99194623120877,39.802347374816691,14.17854623120877,0,0,0,1218.1895465383022,39.802347374816691,581.79429360602546,1238.8411180524945,242.43368214563083,0,0,242.43368214563083
2025-11-18,133,2025-11-18 22:20:00,18,564.03845000000001,3384.2307000000001,0,0.46410000000000001,0.4483887966692866,606.14912640351201,6.7631791252413285,0,570.80162912524133,35.34749727827068,6.7631791252413285,0,0,0,1224.2764077510201,35.34749727827068,606.14912640351201,1238.8411180524945,281.31380956386994,0,0,281.31380956386994
2025-11-18,134,2025-11-18 22:30:00,18,582.09666666666658,3492.5799999999999,0,0.42270000000000002,0.41341061855361261,570.07129221409991,13.584029768699745,0,570.07129221409991,0,13.584029768699745,0,25.609404221266459,0,1236.5020345428493,0,570.07129221409991,1238.8411180524945,240.96913521890005,0,54.125475821646667,295.09461104054674
2025-11-18,135,2025-11-18 22:40:00,18,555.29219999999998,3331.7532000000001,0,0.44740000000000002,0.4161319027378505,561.41226072179222,0,0,555.29219999999998,6.1200607217922425,0,0,0,0,1236.5020345428493,6.1200607217922425,561.41226072179222,1238.8411180524945,251.17584544692986,0,0,251.17584544692986
2025-11-18,136,2025-11-18 22:50:00,18,563.18453333333332,3379.1071999999999,0,0.46150000000000002,0.4328955914531229,561.03479632552524,0,3.5036843604279864,559.68084897290532,1.3539473526199117,0,3.5036843604279864,0,0,1232.6090519201516,1.3539473526199117,561.03479632552524,1238.8411180524945,258.91755850422993,0,0,258.91755850422993
2025-11-18,137,2025-11-18 23:00:00,18,588.33999999999992,3530.04,0,0.43559999999999999,0.44309628950599017,551.69850176881152,3.778831015996627,0,551.69850176881152,0,3.778831015996627,0,40.420329247185009,0,1236.0099998345486,0,551.69850176881152,1238.8411180524945,240.31986737049428,0,88.035477100368951,328.3553444708632
2025-11-18,138,2025-11-18 23:10:00,18,537.38529999999992,3224.3117999999999,0,0.42620000000000002,0.46272227172405622,587.46727348943443,2.6992156277917783,0,540.08451562779169,47.382757861642745,2.6992156277917783,0,0,0,1238.4392938995607,47.382757861642745,587.46727348943443,1238.8411180524945,250.37855196119696,0,0,250.37855196119696
2025-11-18,139,2025-11-18 23:20:00,18,502.6239333333333,3015.7435999999998,0,0.40089999999999998,0.46153462091003478,615.91238547740568,0,0,502.6239333333333,113.28845214407238,0,0,0,0,1238.4392938995607,113.28845214407238,615.91238547740568,1238.8411180524945,246.91927533789192,0,0,246.91927533789192
2025-11-18,140,2025-11-18 23:30:00,18,531.83500000000004,3191.0100000000002,0,0.38529999999999998,0.42994862053855937,588.47078763076456,0,0,531.83500000000004,56.635787630764526,0,0,0,0,1238.4392938995607,56.635787630764526,588.47078763076456,1238.8411180524945,226.73779447413358,0,0,226.73779447413358
2025-11-18,141,2025-11-18 23:40:00,18,576.24684999999999,3457.4811,0,0.43909999999999999,0.4000837424601702,575.1032833546376,0.025752642132326715,0,575.1032833546376,0,0.025752642132326715,0,1.1693192874947727,0,1238.4624712774803,0,575.1032833546376,1238.8411180524945,252.52785172102136,0,2.5672404956947732,255.09509221671613
2025-11-18,142,2025-11-18 23:50:00,18,573.86301666666668,3443.1781000000001,0,0.44069999999999998,0.4210238592675033,578.9557755915705,0,3.3750553453309546,570.48796132133577,8.4678142702347259,0,3.3750553453309546,0,0,1234.7124097826672,8.4678142702347259,578.9557755915705,1238.8411180524945,255.14581030320511,0,0,255.14581030320511
2025-11-18,143,2025-11-19 00:00:00,18,546.4083333333333,3278.4499999999998,0,0.40460000000000002,0.45858084494991941,578.73712105501738,0,28.867023412116282,517.54130992121702,61.195811133800362,0,28.867023412116282,0,0,1202.6379393247607,61.195811133800362,578.73712105501738,1238.8411180524945,234.15703917886003,0,0,234.15703917886003
