date,slot,timestamp,node_hour,net_kwh,load_kw,pv_kw,price,price_forecast,grid,charge_plan,discharge_plan,called,unused,charge,discharge,emergency,spill,soc,total_surplus,g0,initial_soc,planned_cost,adjustment_cost,emergency_cost,total_cost
2025-07-22,0,2025-07-22 00:10:00,0,781.60506666666663,4689.6304,0,0.51329999999999998,0.52545771614005332,885.81830110005444,0,0,781.60506666666663,104.21323443338781,0,0,0,0,2550.0000000000014,104.21323443338781,885.81830110005444,2550.0000000000014,454.69053395465795,0,0,454.69053395465795
2025-07-22,1,2025-07-22 00:20:00,0,781.02379999999994,4686.1427999999996,0,0.53879999999999995,0.51312373028714287,845.44504973368748,0,0,781.02379999999994,64.421249733687546,0,0,0,0,2550.0000000000014,64.421249733687546,845.44504973368748,2550.0000000000014,455.52579279651076,0,0,455.52579279651076
2025-07-22,2,2025-07-22 00:30:00,0,786.31500000000005,4717.8900000000003,0,0.60440000000000005,0.52372865996129592,838.18812200979698,0,0,786.31500000000005,51.87312200979693,0,0,0,0,2550.0000000000014,51.87312200979693,838.18812200979698,2550.0000000000014,506.60090094272135,0,0,506.60090094272135
2025-07-22,3,2025-07-22 00:40:00,0,803.62459999999987,4821.7475999999997,0,0.61699999999999999,0.57147690412737029,840.51120630333639,0,0,803.62459999999987,36.886606303336521,0,0,0,0,2550.0000000000014,36.886606303336521,840.51120630333639,2550.0000000000014,518.5954142891585,0,0,518.5954142891585
2025-07-22,4,2025-07-22 00:50:00,0,805.97696666666661,4835.8617999999997,0,0.58760000000000001,0.56323986396755121,832.09816849861159,0,0,805.97696666666661,26.121201831944973,0,0,0,0,2550.0000000000014,26.121201831944973,832.09816849861159,2550.0000000000014,488.94088380978417,0,0,488.94088380978417
2025-07-22,5,2025-07-22 01:00:00,0,796.97500000000002,4781.8500000000004,0,0.56669999999999998,0.51592752039862932,809.67719044703654,0,0,796.97500000000002,12.702190447036514,0,0,0,0,2550.0000000000014,12.702190447036514,809.67719044703654,2550.0000000000014,458.84406382633557,0,0,458.84406382633557
2025-07-22,6,2025-07-22 01:10:00,0,796.64373333333333,4779.8624,0,0.58650000000000002,0.53846041228743335,825.69081757502431,0,0,796.64373333333333,29.047084241690982,0,0,0,0,2550.0000000000014,29.047084241690982,825.69081757502431,2550.0000000000014,484.26766450775176,0,0,484.26766450775176
2025-07-22,7,2025-07-22 01:20:00,0,740.63488333333328,4443.8092999999999,0,0.56100000000000005,0.55846878438166814,824.28390603240496,0,0,740.63488333333328,83.649022699071679,0,0,0,0,2550.0000000000014,83.649022699071679,824.28390603240496,2550.0000000000014,462.42327128417924,0,0,462.42327128417924
2025-07-22,8,2025-07-22 01:30:00,0,677.25166666666667,4063.5100000000002,0,0.51129999999999998,0.54253524683141852,830.4827539383507,0,0,677.25166666666667,153.23108727168403,0,0,0,0,2550.0000000000014,153.23108727168403,830.4827539383507,2550.0000000000014,424.62583208867869,0,0,424.62583208867869
2025-07-22,9,2025-07-22 01:40:00,0,728.36136666666664,4370.1682000000001,0,0.54049999999999998,0.53985222913487663,806.65401213778432,0,0,728.36136666666664,78.29264547111768,0,0,0,0,2550.0000000000014,78.29264547111768,806.65401213778432,2550.0000000000014,435.9964935604724,0,0,435.9964935604724
2025-07-22,10,2025-07-22 01:50:00,0,778.00681666666662,4668.0409,0,0.54090000000000005,0.54233434054561214,804.55402253402826,0,0,778.00681666666662,26.54720586736164,0,0,0,0,2550.0000000000014,26.54720586736164,804.55402253402826,2550.0000000000014,435.18327078865593,0,0,435.18327078865593
2025-07-22,11,2025-07-22 02:00:00,0,754.23000000000002,4525.3800000000001,0,0.48849999999999999,0.53784742001311558,828.03372690827166,0,0,754.23000000000002,73.803726908271642,0,0,0,0,2550.0000000000014,73.803726908271642,828.03372690827166,2550.0000000000014,404.4944755946907,0,0,404.4944755946907
2025-07-22,12,2025-07-22 02:10:00,0,700.5623833333334,4203.3743000000004,0,0.46939999999999998,0.53713967544928176,838.20318214242798,0,0,700.5623833333334,137.64079880909458,0,0,0,0,2550.0000000000014,137.64079880909458,838.20318214242798,2550.0000000000014,393.45257369765568,0,0,393.45257369765568
2025-07-22,13,2025-07-22 02:20:00,0,697.78960000000006,4186.7376000000004,0,0.45989999999999998,0.56030398604935294,854.34093427148514,0,0,697.78960000000006,156.55133427148508,0,0,0,0,2550.0000000000014,156.55133427148508,854.34093427148514,2550.0000000000014,392.91139567145598,0,0,392.91139567145598
2025-07-22,14,2025-07-22 02:30:00,0,721.44333333333327,4328.6599999999999,0,0.44340000000000002,0.57467558698214249,817.98448188686166,0,0,721.44333333333327,96.541148553528387,0,0,0,0,2550.0000000000014,96.541148553528387,817.98448188686166,2550.0000000000014,362.69431926863444,0,0,362.69431926863444
2025-07-22,15,2025-07-22 02:40:00,0,680.17938333333336,4081.0763000000002,0,0.43719999999999998,0.53393259666597825,781.89413533093864,0,0,680.17938333333336,101.71475199760528,0,0,0,0,2550.0000000000014,101.71475199760528,781.89413533093864,2550.0000000000014,341.84411596668633,0,0,341.84411596668633
2025-07-22,16,2025-07-22 02:50:00,0,664.33429999999998,3986.0057999999999,0,0.45150000000000001,0.5069461374171581,746.77126251417576,0,0,664.33429999999998,82.436962514175775,0,0,0,0,2550.0000000000014,82.436962514175775,746.77126251417576,2550.0000000000014,337.16722502515034,0,0,337.16722502515034
2025-07-22,17,2025-07-22 03:00:00,0,709.12833333333333,4254.7700000000004,0,0.4839,0.5123097882063864,788.25576553889414,0,0,709.12833333333333,79.127432205560808,0,0,0,0,2550.0000000000014,79.127432205560808,788.25576553889414,2550.0000000000014,381.43696494427087,0,0,381.43696494427087
2025-07-22,18,2025-07-22 03:10:00,0,754.82298333333324,4528.9378999999999,0,0.51980000000000004,0.50247520436701643,786.4451929483032,0,0,754.82298333333324,31.622209614969961,0,0,0,0,2550.0000000000014,31.622209614969961,786.4451929483032,2550.0000000000014,408.79421129452805,0,0,408.79421129452805
2025-07-22,19,2025-07-22 03:20:00,0,769.95866666666666,4619.7520000000004,0,0.53639999999999999,0.51133138789535604,789.87325120237267,0,0,769.95866666666666,19.914584535706013,0,0,0,0,2550.0000000000014,19.914584535706013,789.87325120237267,2550.0000000000014,423.68801194495268,0,0,423.68801194495268
2025-07-22,20,2025-07-22 03:30:00,0,753.62666666666667,4521.7600000000002,0,0.5252,0.52601691657001448,780.16243150988862,0,0,753.62666666666667,26.535764843221955,0,0,0,0,2550.0000000000014,26.535764843221955,780.16243150988862,2550.0000000000014,409.7413090289935,0,0,409.7413090289935
2025-07-22,21,2025-07-22 03:40:00,0,727.16641666666669,4363.0051000000003,0.0066,0.49969999999999998,0.49561323711392846,1592.5291269772779,833.33333333333326,0,1560.4997499999999,32.029376977277934,833.33333333333326,0,0,0,3300.0000000000014,32.029376977277934,1592.5291269772779,2550.0000000000014,795.78680475054568,0,0,795.78680475054568
2025-07-22,22,2025-07-22 03:50:00,0,711.04734999999994,4266.2840999999999,0,0.49780000000000002,0.48289365829221664,1573.871474641448,833.33333333333326,0,1544.3806833333333,29.490791308114694,833.33333333333326,0,0,0,4050.0000000000014,29.490791308114694,1573.871474641448,2550.0000000000014,783.4732200765128,0,0,783.4732200765128
2025-07-22,23,2025-07-22 04:00:00,0,715.68499999999995,4294.1099999999997,0,0.51349999999999996,0.5009282728713379,1564.1806492041087,833.33333333333326,0,1549.0183333333332,15.162315870775501,833.33333333333326,0,0,0,4800.0000000000018,15.162315870775501,1564.1806492041087,2550.0000000000014,803.2067633663097,0,0,803.2067633663097
2025-07-22,24,2025-07-22 04:10:00,0,732.62813333333327,4395.8607000000002,0.091899999999999996,0.50960000000000005,0.50192651350339723,1561.8111280023663,833.33333333333326,0,1561.8111280023663,0,833.33333333333326,0,4.1503386643003068,0,5550.0000000000018,0,1561.8111280023663,2550.0000000000014,795.89895083000602,0,10.575062916637181,806.47401374664321
2025-07-22,25,2025-07-22 04:20:00,0,719.08586666666656,4314.5151999999998,0,0.51700000000000002,0.50016968420958219,1587.0074375553556,833.33333333333326,0,1552.4191999999998,34.588237555355818,833.33333333333326,0,0,0,6300.0000000000018,34.588237555355818,1587.0074375553556,2550.0000000000014,820.4828452161189,0,0,820.4828452161189
2025-07-22,26,2025-07-22 04:30:00,0,684.91333333333318,4109.4799999999996,0,0.51539999999999997,0.50455281978646049,1580.6427650479313,833.33333333333326,0,1518.2466666666664,62.396098381264892,833.33333333333326,0,0,0,7050.0000000000018,62.396098381264892,1580.6427650479313,2550.0000000000014,814.66328110570373,0,0,814.66328110570373
2025-07-22,27,2025-07-22 04:40:00,0,681.50973333333332,4090.3389999999999,1.2806,0.4577,0.50077749051242404,1597.3406771765196,833.33333333333326,0,1514.8430666666666,82.497610509853075,833.33333333333326,0,0,0,7800.0000000000018,82.497610509853075,1597.3406771765196,2550.0000000000014,731.102827943693,0,0,731.102827943693
2025-07-22,28,2025-07-22 04:50:00,0,684.42351666666673,4106.5411000000004,0,0.46000000000000002,0.49241048473043847,1555.4978856144601,833.33333333333326,0,1517.75685,37.741035614460088,833.33333333333326,0,0,0,8550.0000000000018,37.741035614460088,1555.4978856144601,2550.0000000000014,715.52902738265163,0,0,715.52902738265163
2025-07-22,29,2025-07-22 05:00:00,0,681.2016666666666,4087.21,0,0.52649999999999997,0.49522116953648448,1515.53488582717,833.33333333333132,0,1514.534999999998,0.9998858271719655,833.33333333333132,0,0,0,9300,0.9998858271719655,1515.53488582717,2550.0000000000014,797.92911738800501,0,0,797.92911738800501
2025-07-22,30,2025-07-22 05:10:00,0,679.91401666666673,4124.0762000000004,44.592100000000002,0.54249999999999998,0.51383386141811527,693.04608269998005,0,0,679.91401666666673,13.132066033313322,0,0,0,0,9300,13.132066033313322,693.04608269998005,2550.0000000000014,375.97749986473917,0,0,375.97749986473917
2025-07-22,31,2025-07-22 05:20:00,0,668.04674999999997,4162.3986000000004,154.1181,0.52759999999999996,0.51118529624672115,698.66788288902683,0,0,668.04674999999997,30.621132889026853,0,0,0,0,9300,30.621132889026853,698.66788288902683,2550.0000000000014,368.61717501225053,0,0,368.61717501225053
2025-07-22,32,2025-07-22 05:30:00,0,623.92124999999999,4065.0900000000001,321.5625,0.47370000000000001,0.45243823981509534,1485.2141670551985,833.33333333333326,0,1457.2545833333334,27.959583721865101,833.33333333333326,0,0,0,10050,27.959583721865101,1485.2141670551985,2550.0000000000014,703.54595093404748,0,0,703.54595093404748
2025-07-22,33,2025-07-22 05:40:00,0,556.99263333333329,3860.6693,518.71349999999995,0.39529999999999998,0.38431602683854366,1416.2010654088149,833.33333333333326,0,1390.3259666666665,25.875098742148339,833.33333333333326,0,0,0,10800,25.875098742148339,1416.2010654088149,2550.0000000000014,559.82428115610446,0,0,559.82428115610446
2025-07-22,34,2025-07-22 05:50:00,0,602.56246666666652,4358.5334999999995,743.15869999999995,0.62570000000000003,0.56438468595079316,627.30958270642623,0,0,602.56246666666652,24.747116039759703,0,0,0,0,10800,24.747116039759703,627.30958270642623,2550.0000000000014,392.50760589941092,0,0,392.50760589941092
2025-07-22,35,2025-07-22 06:00:00,0,719.13791666666668,5296.0900000000001,981.26250000000005,0.98939999999999995,0.88118215259975896,0,0,760.59396266037777,0,0,0,760.59396266037777,0,41.456045993711086,9954.8955970440238,41.456045993711086,0,2550.0000000000014,0,0,0,0
2025-07-22,36,2025-07-22 06:10:00,0,713.01543333333325,5489.7523000000001,1211.6596999999999,0.95140000000000002,0.94736561041970468,0,0,721.9911790561805,0,0,0,721.9911790561805,0,8.9757457228472504,9152.6831758704902,8.9757457228472504,0,2550.0000000000014,0,0,0,0
2025-07-22,37,2025-07-22 06:20:00,0,615.32411666666667,5144.9273000000003,1452.9826,0.87570000000000003,0.90589307912336825,0,0,642.82038552044844,0,0,0,642.82038552044844,0,27.496268853781771,8438.4383030699919,27.496268853781771,0,2550.0000000000014,0,0,0,0
2025-07-22,38,2025-07-22 06:30:00,0,527.89333333333332,4878.71,1711.3499999999999,0.92949999999999999,0.89271154316870893,0,0,573.65566247919151,0,0,0,573.65566247919151,0,45.762329145858189,7801.0431225375578,45.762329145858189,0,2550.0000000000014,0,0,0,0
2025-07-22,39,2025-07-22 06:40:00,0,521.03745000000004,5103.2879000000003,1977.0632000000001,0.91359999999999997,0.87752026212785861,0,0,547.30856230072618,0,0,0,547.30856230072618,0,26.271112300726145,7192.9224977589729,26.271112300726145,0,2550.0000000000014,0,0,0,0
2025-07-22,40,2025-07-22 06:50:00,0,494.73973333333333,5236.0731999999998,2267.6347999999998,0.86960000000000004,0.84011526329620267,0,0,493.62615046356586,0,0,0,493.62615046356586,1.1135828697674697,0,6644.4489972438987,0,0,2550.0000000000014,0,0,4.841858317748958,4.841858317748958
2025-07-22,41,2025-07-22 07:00:00,0,409.59833333333336,5057.0900000000001,2599.5,0.82620000000000005,0.7969951748280576,0,0,466.77746059259789,0,0,0,466.77746059259789,0,57.179127259264533,6125.8073743632349,57.179127259264533,0,2550.0000000000014,0,0,0,0
2025-07-22,42,2025-07-22 07:10:00,0,330.07555000000008,4950.2772000000004,2969.8238999999999,0.76139999999999997,0.77900530300018189,387.94409379646885,0,0,330.07555000000008,57.868543796468771,0,0,0,0,6125.8073743632349,57.868543796468771,387.94409379646885,2550.0000000000014,295.38063301663135,0,0,295.38063301663135
2025-07-22,43,2025-07-22 07:20:00,0,317.15096666666665,5234.6774999999998,3331.7716999999998,0.75609999999999999,0.76251998155897793,355.40071541375619,0,0,317.15096666666665,38.249748747089541,0,0,0,0,6125.8073743632349,38.249748747089541,355.40071541375619,2550.0000000000014,268.71848092434107,0,0,268.71848092434107
2025-07-22,44,2025-07-22 07:30:00,0,302.12166666666667,5453.0799999999999,3640.3499999999999,0.75839999999999996,0.70852592869477871,304.27205272245993,0,0,302.12166666666667,2.1503860557932626,0,0,0,0,6125.8073743632349,2.1503860557932626,304.27205272245993,2550.0000000000014,230.7599247847136,0,0,230.7599247847136
2025-07-22,45,2025-07-22 07:40:00,0,183.46894999999995,4998.9961999999996,3898.1824999999999,0.67279999999999995,0.6552573063857754,600.41536343621908,419.25593409781766,0,600.41536343621908,0,419.25593409781766,0,2.3095206615985262,0,6503.1377150512708,0,600.41536343621908,2550.0000000000014,403.95945651988819,0,7.769227505617442,411.72868402550563
2025-07-22,46,2025-07-22 07:50:00,0,222.16816666666665,5570.0780999999997,4237.0690999999997,0.84150000000000003,0.85291761341254635,0,0,276.84334227672787,0,0,0,276.84334227672787,0,54.675175610061217,6195.5340014104622,54.675175610061217,0,2550.0000000000014,0,0,0,0
2025-07-22,47,2025-07-22 08:00:00,0,385.6583333333333,6900.9499999999998,4587,1.1757,1.1539436030489314,0,0,420.22393041961732,0,0,0,420.22393041961732,0,34.565597086284015,5728.6185231664431,34.565597086284015,0,2550.0000000000014,0,0,0,0
2025-07-22,48,2025-07-22 08:10:00,0,355.59681666666665,6929.6338999999998,4796.0529999999999,1.1998,1.1552873644333617,0,0,335.61050401339736,0,0,0,335.61050401339736,19.986312653269295,0,5355.7179631515573,0,0,2550.0000000000014,0,0,119.89788960696249,119.89788960696249
2025-07-22,49,2025-07-22 08:20:00,0,211.74981666666659,6557.7515999999996,5287.2527,1.0586,1.1230701429277912,0,0,238.97802266800332,0,0,0,238.97802266800332,0,27.22820600133673,5090.1868268537755,27.22820600133673,0,2550.0000000000014,0,0,0,0
2025-07-22,50,2025-07-22 08:30:00,0,114.53208333333319,6560.4799999999996,5873.2875000000004,0.97060000000000002,1.165104573776921,0,0,291.93441118031677,0,0,0,291.93441118031677,0,177.40232784698358,4765.8152588756457,177.40232784698358,0,2550.0000000000014,0,0,0,0
2025-07-22,51,2025-07-22 08:40:00,0,145.20086666666657,6785.6045999999997,5914.3994000000002,1.0137,1.105315067398712,0,0,216.73909821380553,0,0,0,216.73909821380553,0,71.538231547138963,4524.994038638084,71.538231547138963,0,2550.0000000000014,0,0,0,0
2025-07-22,52,2025-07-22 08:50:00,0,167.30463333333333,6961.0909000000001,5957.2631000000001,1.0577000000000001,1.0529413483098093,0,0,187.52774992999031,0,0,0,187.52774992999031,0,20.223116596656979,4316.6298720492059,20.223116596656979,0,2550.0000000000014,0,0,0,0
2025-07-22,53,2025-07-22 09:00:00,0,137.1541666666667,6985.75,6162.8249999999998,1.0441,1.0392425181062137,0,0,176.26731335736426,0,0,0,176.26731335736426,0,39.113146690697562,4120.7773016521351,39.113146690697562,0,2550.0000000000014,0,0,0,0
2025-07-22,54,2025-07-22 09:10:00,0,130.05656666666664,6944.9942000000001,6164.6548000000003,1.0281,0.98476470037364361,0,0,201.54056322893967,0,0,0,201.54056322893967,0,71.483996562273035,3896.8433425088683,71.483996562273035,0,2550.0000000000014,0,0,0,0
2025-07-22,55,2025-07-22 09:20:00,0,111.91083333333336,6905.5245999999997,6234.0595999999996,1.0286,0.97443853487830367,0,0,174.57956921575123,0,0,0,174.57956921575123,0,62.668735882417877,3702.8660433802561,62.668735882417877,0,2550.0000000000014,0,0,0,0
2025-07-22,56,2025-07-22 09:30:00,0,73.083333333333329,6898.3999999999996,6459.8999999999996,1.0098,0.99965486054551567,0,0,120.41211263458823,0,0,0,120.41211263458823,0,47.328779301254897,3569.0748071196022,47.328779301254897,0,2550.0000000000014,0,0,0,0
2025-07-22,57,2025-07-22 09:40:00,0,45.250983333333352,6910.8302000000003,6639.3243000000002,0.94579999999999997,0.97512960044869379,0,0,106.56074110577734,0,0,0,106.56074110577734,0,61.309757772443987,3450.6739836687384,61.309757772443987,0,2550.0000000000014,0,0,0,0
2025-07-22,58,2025-07-22 09:50:00,0,13.096049999999952,6875.8197,6797.2434000000003,1.0165999999999999,1.0301350654435322,0,0,162.25176449712353,0,0,0,162.25176449712353,0,149.15571449712357,3270.3942453386012,149.15571449712357,0,2550.0000000000014,0,0,0,0
2025-07-22,59,2025-07-22 10:00:00,0,-16.925833333333379,6843.3699999999999,6944.9250000000002,1.1889000000000001,1.1489558991125577,0,0,223.86219191333777,0,0,0,223.86219191333777,0,240.78802524667114,3021.6584765460038,240.78802524667114,0,2550.0000000000014,0,0,0,0
2025-07-22,60,2025-07-22 10:10:00,0,-20.757933333333312,6902.4885000000004,7027.0361000000003,1.2273000000000001,1.1600117375506092,0,0,108.96181481030241,0,0,0,108.96181481030241,0,129.71974814363574,2900.5897934234454,129.71974814363574,0,2550.0000000000014,0,0,0,0
2025-07-22,61,2025-07-22 10:20:00,0,-38.150350000000039,6797.6446999999998,7026.5468000000001,1.1506000000000001,1.1099096352178786,0,0,93.333989324759827,0,0,0,93.333989324759827,0,131.48433932475987,2796.8853608403788,131.48433932475987,0,2550.0000000000014,0,0,0,0
2025-07-22,62,2025-07-22 10:30:00,0,-74.550416666666621,6649.0100000000002,7096.3125,1.1185,1.1022662702682533,0,0,166.1551212487837,0,0,0,166.1551212487837,0,240.70553791545032,2612.2685594528416,240.70553791545032,0,2550.0000000000014,0,0,0,0
2025-07-22,63,2025-07-22 10:40:00,0,-90.812449999999899,6841.4332000000004,7386.3078999999998,1.2241,1.1333944088593033,0,0,111.10821548501872,0,0,0,111.10821548501872,0,201.92066548501862,2488.8149866917097,201.92066548501862,0,2550.0000000000014,0,0,0,0
2025-07-22,64,2025-07-22 10:50:00,0,-73.879966666666704,6983.1188000000002,7426.3986000000004,1.0271999999999999,0.91943158347607079,0,0,62.511542277920242,0,0,0,62.511542277920242,0,136.39150894458695,2419.3577174940206,136.39150894458695,0,2550.0000000000014,0,0,0,0
2025-07-22,65,2025-07-22 11:00:00,0,-62.027083333333394,6886,7258.1625000000004,0.62490000000000001,0.57253469871821039,870.82600509933866,833.33333333333326,0,771.30624999999986,99.519755099338795,833.33333333333326,0,0,0,3169.3577174940206,99.519755099338795,870.82600509933866,2550.0000000000014,544.17917058657679,0,0,544.17917058657679
2025-07-22,66,2025-07-22 11:10:00,0,-115.82550000000006,6767.8249999999998,7462.7780000000002,0.56779999999999997,0.51248966619798608,767.0037658848338,833.33333333333326,0,717.50783333333322,49.495932551500573,833.33333333333326,0,0,0,3919.3577174940206,49.495932551500573,767.0037658848338,2550.0000000000014,435.50473826940862,0,0,435.50473826940862
2025-07-22,67,2025-07-22 11:20:00,0,-207.56351666666674,6846.3698999999997,8091.7510000000002,0.55200000000000005,0.57398832808344513,702.91611848244509,833.33333333333326,0,625.76981666666654,77.146301815778543,833.33333333333326,0,0,0,4669.3577174940201,77.146301815778543,702.91611848244509,2550.0000000000014,388.00969740230971,0,0,388.00969740230971
2025-07-22,68,2025-07-22 11:30:00,0,-276.34874999999994,7077.7200000000003,8735.8125,0.45960000000000001,0.58357328711792522,694.68866907979111,833.33333333333326,0,556.98458333333338,137.70408574645774,833.33333333333326,0,0,0,5419.3577174940201,137.70408574645774,694.68866907979111,2550.0000000000014,319.27891230907198,0,0,319.27891230907198
2025-07-22,69,2025-07-22 11:40:00,0,-282.21886666666671,7182.9881999999998,8876.3014000000003,0.49209999999999998,0.55055928569461876,682.62601561315125,833.33333333333326,0,551.11446666666654,131.51154894648471,833.33333333333326,0,0,0,6169.3577174940201,131.51154894648471,682.62601561315125,2550.0000000000014,335.92026228323169,0,0,335.92026228323169
2025-07-22,70,2025-07-22 11:50:00,0,-306.81939999999986,6989.0083000000004,8829.9246999999996,0.50829999999999997,0.53394113774505136,564.99312661563704,833.33333333333326,0,526.5139333333334,38.47919328230364,833.33333333333326,0,0,0,6919.3577174940201,38.47919328230364,564.99312661563704,2550.0000000000014,287.1860062587283,0,0,287.1860062587283
2025-07-22,71,2025-07-22 12:00:00,0,-357.52583333333314,6728.0200000000004,8873.1749999999993,0.46929999999999999,0.55228034198661657,410.34470266371767,833.33333333333326,0,410.34470266371767,0,833.33333333333326,0,65.462797336282449,0,7669.3577174940201,0,410.34470266371767,2550.0000000000014,192.57476896008271,0,153.60845394958676,346.18322290966944
2025-07-22,72,2025-07-22 12:10:00,0,-359.78611666666666,6770.0394999999999,8928.7561999999998,0.48770000000000002,0.57829291977925967,445.93393761176145,833.33333333333326,0,445.93393761176145,0,833.33333333333326,0,27.613279054905149,0,8419.3577174940201,0,445.93393761176145,2550.0000000000014,217.48198137325608,0,67.334980975386216,284.81696234864228
2025-07-22,73,2025-07-22 12:20:00,0,-329.2608833333332,6571.4309000000003,8546.9961999999996,0.51659999999999995,0.58407209983938113,527.49746173226322,833.33333333333326,0,504.07245000000006,23.425011732263158,833.33333333333326,0,0,0,9169.3577174940201,23.425011732263158,527.49746173226322,2550.0000000000014,272.50518873088714,0,0,272.50518873088714
2025-07-22,74,2025-07-22 12:30:00,0,-277.28916666666674,6262.1899999999996,7925.9250000000002,0.51139999999999997,0.55319147958488979,541.48833445784521,833.33333333333326,0,541.48833445784521,0,833.33333333333326,0,14.555832208821357,0,9919.3577174940201,0,541.48833445784521,2550.0000000000014,276.91713424174202,0,37.219262957956211,314.13639719969825
2025-07-22,75,2025-07-22 12:40:00,0,-197.17960000000008,6578.5484999999999,7761.6261000000004,0.51219999999999999,0.53144200592938817,592.98389360551039,833.33333333333326,0,592.98389360551039,0,833.33333333333326,0,43.169839727822819,0,10669.35771749402,0,592.98389360551039,2550.0000000000014,303.72635030474243,0,110.55795954295424,414.28430984769665
2025-07-22,76,2025-07-22 12:50:00,0,-121.45536666666672,7068.7365,7797.4687000000004,0.70599999999999996,0.68420611298466016,0,133.29578605947773,0,0,0,133.29578605947773,0,11.840419392811015,0,10789.323924947552,0,0,2550.0000000000014,0,0,41.79668045662288,41.79668045662288
2025-07-22,77,2025-07-22 13:00:00,0,-75.258333333333354,7241.8000000000002,7693.3500000000004,0.96330000000000005,0.91064747039194527,0,11.862305613835048,0,0,0,11.862305613835048,0,0,63.396027719498306,10800.000000000004,63.396027719498306,0,2550.0000000000014,0,0,0,0
2025-07-22,78,2025-07-22 13:10:00,0,-52.668233333333319,7009.6246000000001,7325.634,0.95420000000000005,0.93502154479300881,0,0,0,0,0,0,0,0,52.668233333333319,10800.000000000004,52.668233333333319,0,2550.0000000000014,0,0,0,0
2025-07-22,79,2025-07-22 13:20:00,0,3.3432833333332987,6813.4825000000001,6793.4228000000003,0.94030000000000002,0.91220308767428648,0,0,0,0,0,0,0,3.3432833333332987,0,10800.000000000004,0,0,2550.0000000000014,0,0,15.718446591666504,15.718446591666504
2025-07-22,80,2025-07-22 13:30:00,0,90.312916666666595,6976.6899999999996,6434.8125,1.0086999999999999,0.92767705830272185,66.773556027614234,0,0,66.773556027614234,0,0,0,23.539360639052362,0,10800.000000000004,0,66.773556027614234,2550.0000000000014,67.354485965054479,0,118.72076538306058,186.07525134811505
2025-07-22,81,2025-07-22 13:40:00,0,144.07829999999996,7406.5819000000001,6542.1121000000003,0.99970000000000003,0.92539594506405132,135.45810514687577,0,0,135.45810514687577,0,0,0,8.6201948531241896,0,10800.000000000004,0,135.45810514687577,2550.0000000000014,135.4174677153317,0,43.088043973341264,178.50551168867295
2025-07-22,82,2025-07-22 13:50:00,0,142.89198333333343,7376.7632000000003,6519.4112999999998,1.0616000000000001,1.0510105656691382,0,0,177.01626746844201,0,0,0,177.01626746844201,0,34.124284135108581,10603.3152583684,34.124284135108581,0,2550.0000000000014,0,0,0,0
2025-07-22,83,2025-07-22 14:00:00,0,96.984166666666624,6932.2299999999996,6350.3249999999998,1.2003999999999999,1.2296931809509855,0,0,313.11821007559257,0,0,0,313.11821007559257,0,216.13404340892595,10255.406136062187,216.13404340892595,0,2550.0000000000014,0,0,0,0
2025-07-22,84,2025-07-22 14:10:00,0,44.911016666666605,6820.8852999999999,6551.4192000000003,1.2476,1.2280379533151453,0,0,323.97441984332795,0,0,0,323.97441984332795,0,279.06340317666132,9895.4345584584898,279.06340317666132,0,2550.0000000000014,0,0,0,0
2025-07-22,85,2025-07-22 14:20:00,0,53.061233333333348,6903.1553999999996,6584.7879999999996,1.2307999999999999,1.2110626289031838,0,0,334.70915619780664,0,0,0,334.70915619780664,0,281.64792286447329,9523.5354960164823,281.64792286447329,0,2550.0000000000014,0,0,0,0
2025-07-22,86,2025-07-22 14:30:00,0,123.01958333333337,7019.3299999999999,6281.2124999999996,1.2604,1.2857019630642534,0,0,359.16556840063686,0,0,0,359.16556840063686,0,236.14598506730349,9124.462642237997,236.14598506730349,0,2550.0000000000014,0,0,0,0
2025-07-22,87,2025-07-22 14:40:00,0,194.03413333333324,7189.4481999999998,6025.2434000000003,1.3696999999999999,1.335320528038632,0,0,381.64049119932753,0,0,0,381.64049119932753,0,187.60635786599428,8700.417652016522,187.60635786599428,0,2550.0000000000014,0,0,0,0
2025-07-22,88,2025-07-22 14:50:00,0,241.85196666666661,7305.7028,5854.5910000000003,1.1835,1.1306188829210171,0,0,325.46168815812246,0,0,0,325.46168815812246,0,83.609721491455844,8338.7935540630515,83.609721491455844,0,2550.0000000000014,0,0,0,0
2025-07-22,89,2025-07-22 15:00:00,0,245.35124999999999,7245.1199999999999,5773.0124999999998,0.79359999999999997,0.81292295518555002,1236.2922875759632,833.33333333333326,0,1078.6845833333332,157.60770424263001,833.33333333333326,0,0,0,9088.7935540630515,157.60770424263001,1236.2922875759632,2550.0000000000014,981.12155942028437,0,0,981.12155942028437
2025-07-22,90,2025-07-22 15:10:00,0,211.86044999999996,7037.3380999999999,5766.1754000000001,0.70089999999999997,0.75912085267056384,1241.9272427523488,833.33333333333326,0,1045.1937833333332,196.73345941901562,833.33333333333326,0,0,0,9838.7935540630515,196.73345941901562,1241.9272427523488,2550.0000000000014,870.46680444512117,0,0,870.46680444512117
2025-07-22,91,2025-07-22 15:20:00,0,279.95321666666661,7210.6823999999997,5530.9630999999999,0.76970000000000005,0.80301346008951513,1257.113593835599,833.33333333333326,0,1113.2865499999998,143.82704383559917,833.33333333333326,0,0,0,10588.793554063051,143.82704383559917,1257.113593835599,2550.0000000000014,967.60033317526063,0,0,967.60033317526063
2025-07-22,92,2025-07-22 15:30:00,0,400.97791666666672,7615.6300000000001,5209.7624999999998,0.8206,0.82055678338180782,675.53895671301859,234.67382881883168,0,635.6517454854984,39.887211227520197,234.67382881883168,0,0,0,10800.000000000002,39.887211227520197,675.53895671301859,2550.0000000000014,554.34726787870306,0,0,554.34726787870306
2025-07-22,93,2025-07-22 15:40:00,0,387.23918333333341,7577.8140000000003,5254.3788999999997,0.81710000000000005,0.8634693695065041,522.42698707127454,0,0,387.23918333333341,135.18780373794112,0,0,0,0,10800.000000000002,135.18780373794112,522.42698707127454,2550.0000000000014,426.87509113593848,0,0,426.87509113593848
2025-07-22,94,2025-07-22 15:50:00,0,369.09824999999984,7507.3059999999996,5292.7165000000005,0.8034,0.88482546134206119,493.46753624929863,0,0,369.09824999999984,124.3692862492988,0,0,0,0,10800.000000000002,124.3692862492988,493.46753624929863,2550.0000000000014,396.45181862268652,0,0,396.45181862268652
2025-07-22,95,2025-07-22 16:00:00,0,417.50999999999988,7515.6599999999999,5010.6000000000004,0.8085,0.89435909720778339,527.16448486740501,0,0,417.50999999999988,109.65448486740513,0,0,0,0,10800.000000000002,109.65448486740513,527.16448486740501,2550.0000000000014,426.21248601529697,0,0,426.21248601529697
2025-07-22,96,2025-07-22 16:10:00,0,482.33770000000004,7328.7183000000005,4434.6921000000002,0.82899999999999996,0.95087560643831681,556.28778366314964,0,0,482.33770000000004,73.950083663149599,0,0,0,0,10800.000000000002,73.950083663149599,556.28778366314964,2550.0000000000014,461.16257265675102,0,0,461.16257265675102
2025-07-22,97,2025-07-22 16:20:00,0,590.39631666666662,7410.2523000000001,3867.8744000000002,0.86660000000000004,0.97472571435299171,597.54070068415353,0,0,590.39631666666662,7.1443840174869138,0,0,0,0,10800.000000000002,7.1443840174869138,597.54070068415353,2550.0000000000014,517.82877121288743,0,0,517.82877121288743
2025-07-22,98,2025-07-22 16:30:00,0,697.38583333333338,7664.0900000000001,3479.7750000000001,0.91779999999999995,0.95534177497255623,710.41952344982155,0,0,697.38583333333338,13.033690116488174,0,0,0,0,10800.000000000002,13.033690116488174,710.41952344982155,2550.0000000000014,652.02303862224619,0,0,652.02303862224619
2025-07-22,99,2025-07-22 16:40:00,0,711.37811666666676,7484.4035000000003,3216.1347999999998,0.9677,0.96952781661598375,777.36614853622996,0,0,711.37811666666676,65.988031869563201,0,0,0,0,10800.000000000002,65.988031869563201,777.36614853622996,2550.0000000000014,752.2572219385097,0,0,752.2572219385097
2025-07-22,100,2025-07-22 16:50:00,0,714.76800000000003,7220.0023000000001,2931.3942999999999,0.98819999999999997,0.99892106186083696,835.78420686667835,0,0,714.76800000000003,121.01620686667832,0,0,0,0,10800.000000000002,121.01620686667832,835.78420686667835,2550.0000000000014,825.92195322565146,0,0,825.92195322565146
2025-07-22,101,2025-07-22 17:00:00,0,771.07249999999999,7242.0600000000004,2615.625,1.0037,1.0248904062820552,896.94616675414545,0,0,771.07249999999999,125.87366675414546,0,0,0,0,10800.000000000002,125.87366675414546,896.94616675414545,2550.0000000000014,900.26486757113582,0,0,900.26486757113582
2025-07-22,102,2025-07-22 17:10:00,0,862.6582166666667,7542.0131000000001,2366.0637999999999,1.0661,1.0616081383942917,922.34595683677719,0,0,862.6582166666667,59.687740170110487,0,0,0,0,10800.000000000002,59.687740170110487,922.34595683677719,2550.0000000000014,983.31302458368816,0,0,983.31302458368816
2025-07-22,103,2025-07-22 17:20:00,0,906.30348333333336,7527.1602000000003,2089.3393000000001,1.1129,1.1060465997319104,991.87588073892221,0,0,906.30348333333336,85.572397405588845,0,0,0,0,10800.000000000002,85.572397405588845,991.87588073892221,2550.0000000000014,1103.8586676743466,0,0,1103.8586676743466
2025-07-22,104,2025-07-22 17:30:00,0,920.02541666666662,7294.54,1774.3875,1.1112,1.1313663069340831,1047.3770515483718,0,0,920.02541666666662,127.35163488170519,0,0,0,0,10800.000000000002,127.35163488170519,1047.3770515483718,2550.0000000000014,1163.8453796805506,0,0,1163.8453796805506
2025-07-22,105,2025-07-22 17:40:00,0,977.06953333333331,7373.0527000000002,1510.6355000000001,1.1043000000000001,1.1343424508686755,1100.6514426378499,0,0,977.06953333333331,123.58190930451656,0,0,0,0,10800.000000000002,123.58190930451656,1100.6514426378499,2550.0000000000014,1215.4493881049777,0,0,1215.4493881049777
2025-07-22,106,2025-07-22 17:50:00,0,915.54338333333328,6758.3720000000003,1265.1116999999999,1.2000999999999999,1.2269875481926837,1089.7269769722398,0,0,915.54338333333328,174.18359363890647,0,0,0,0,10800.000000000002,174.18359363890647,1089.7269769722398,2550.0000000000014,1307.7813450643848,0,0,1307.7813450643848
2025-07-22,107,2025-07-22 18:00:00,0,779.7116666666667,5704.4200000000001,1026.1500000000001,1.3366,1.3592808058458161,932.22950996785585,0,0,779.7116666666667,152.51784330118915,0,0,0,0,10800.000000000002,152.51784330118915,932.22950996785585,2550.0000000000014,1246.0179630230361,0,0,1246.0179630230361
2025-07-22,108,2025-07-22 18:10:00,0,796.90829999999983,5600.1715999999997,818.72180000000003,1.3445,1.3616787977869806,912.18020012867566,0,0,796.90829999999983,115.27190012867584,0,0,0,0,10800.000000000002,115.27190012867584,912.18020012867566,2550.0000000000014,1226.4262790730045,0,0,1226.4262790730045
2025-07-22,109,2025-07-22 18:20:00,0,866.30799999999999,5800.9897000000001,603.14170000000001,1.3596999999999999,1.3474734841104663,965.8125295966496,0,0,866.30799999999999,99.504529596649604,0,0,0,0,10800.000000000002,99.504529596649604,965.8125295966496,2550.0000000000014,1313.2152964925644,0,0,1313.2152964925644
2025-07-22,110,2025-07-22 18:30:00,0,903.82458333333329,5795.96,373.01249999999999,1.4061999999999999,1.3700778311679447,1018.5907442237271,0,0,903.82458333333329,114.76616089039385,0,0,0,0,10800.000000000002,114.76616089039385,1018.5907442237271,2550.0000000000014,1432.3423045274051,0,0,1432.3423045274051
2025-07-22,111,2025-07-22 18:40:00,0,925.36799999999994,5724.7833000000001,172.5753,1.3849,1.3838226664739555,1017.2322967515681,0,0,925.36799999999994,91.86429675156819,0,0,0,0,10800.000000000002,91.86429675156819,1017.2322967515681,2550.0000000000014,1408.7650077712467,0,0,1408.7650077712467
2025-07-22,112,2025-07-22 18:50:00,0,939.5523833333333,5684.0277999999998,46.713500000000003,1.4570000000000001,1.5095405509487092,1072.1553332155681,0,0,939.5523833333333,132.60294988223484,0,0,0,0,10800.000000000002,132.60294988223484,1072.1553332155681,2550.0000000000014,1562.1303204950827,0,0,1562.1303204950827
2025-07-22,113,2025-07-22 19:00:00,0,941.52333333333331,5649.1400000000003,0,1.6087,1.688628136243608,240.82379213048307,0,833.33333333333326,108.19000000000005,132.63379213048302,0,833.33333333333326,0,0,9874.0740740740748,132.63379213048302,240.82379213048307,2550.0000000000014,387.41323440030811,0,0,387.41323440030811
2025-07-22,114,2025-07-22 19:10:00,0,929.346,5576.076,0,1.6503000000000001,1.7131840054555669,235.35820026151646,0,833.33333333333326,96.012666666666746,139.34553359484971,0,833.33333333333326,0,0,8948.1481481481496,139.34553359484971,235.35820026151646,2550.0000000000014,388.41163789158065,0,0,388.41163789158065
2025-07-22,115,2025-07-22 19:20:00,0,955.55303333333336,5734.5860000000002,1.2678,1.6514,1.6680980230239559,249.55187908319067,0,833.33333333333326,122.2197000000001,127.33217908319057,0,833.33333333333326,0,0,8022.2222222222226,127.33217908319057,249.55187908319067,2550.0000000000014,412.10997311798104,0,0,412.10997311798104
2025-07-22,116,2025-07-22 19:30:00,0,1000.9766666666666,6005.8599999999997,0,1.6577999999999999,1.6484869998101876,237.09692067490914,0,833.33333333333326,167.64333333333332,69.453587341575826,0,833.33333333333326,0,0,7096.2962962962974,69.453587341575826,237.09692067490914,2550.0000000000014,393.05927509486435,0,0,393.05927509486435
2025-07-22,117,2025-07-22 19:40:00,0,997.29473333333328,5983.7683999999999,0,1.6432,1.6571477467076876,246.26109141965776,0,833.33333333333326,163.96140000000003,82.299691419657734,0,833.33333333333326,0,0,6170.3703703703704,82.299691419657734,246.26109141965776,2550.0000000000014,404.65622542078165,0,0,404.65622542078165
2025-07-22,118,2025-07-22 19:50:00,0,994.70618333333323,5968.3280999999997,0.090999999999999998,1.6568000000000001,1.6440964911648532,771.30918970746507,0,306.6666666666668,688.03951666666649,83.26967304079858,0,306.6666666666668,0,0,5829.6296296296296,83.26967304079858,771.30918970746507,2550.0000000000014,1277.9050655073281,0,0,1277.9050655073281
2025-07-22,119,2025-07-22 20:00:00,0,1008.54,6051.2399999999998,0,1.6984999999999999,1.6313922079161103,254.46501817652756,0,833.33333333333326,175.20666666666671,79.258351509860859,0,833.33333333333326,0,0,4903.7037037037044,79.258351509860859,254.46501817652756,2550.0000000000014,432.20883337283203,0,0,432.20883337283203
2025-07-22,120,2025-07-22 20:10:00,0,998.73013333333324,5992.3807999999999,0,1.7059,1.677364089486566,237.481173440357,0,833.33333333333326,165.39679999999998,72.084373440357012,0,833.33333333333326,0,0,3977.7777777777783,72.084373440357012,237.481173440357,2550.0000000000014,405.11913377190501,0,0,405.11913377190501
2025-07-22,121,2025-07-22 20:20:00,0,965.13949999999988,5790.8434999999999,0.0064999999999999997,1.6494,1.6678369544708196,243.51591282769982,0,833.33333333333326,131.80616666666663,111.70974616103319,0,833.33333333333326,0,0,3051.8518518518522,111.70974616103319,243.51591282769982,2550.0000000000014,401.65514661800808,0,0,401.65514661800808
2025-07-22,122,2025-07-22 20:30:00,0,943.05333333333328,5658.3199999999997,0,1.6211,1.6463123091019565,243.76803741645267,0,833.33333333333326,109.72000000000003,134.04803741645264,0,833.33333333333326,0,0,2125.9259259259261,134.04803741645264,243.76803741645267,2550.0000000000014,395.17236545581142,0,0,395.17236545581142
2025-07-22,123,2025-07-22 20:40:00,0,966.05363333333321,5796.3217999999997,0,1.6968000000000001,1.7129910278013554,214.92543538478844,0,833.33333333333326,132.72029999999995,82.205135384788491,0,833.33333333333326,0,0,1200.0000000000005,82.205135384788491,214.92543538478844,2550.0000000000014,364.68547876090906,0,0,364.68547876090906
2025-07-22,124,2025-07-22 20:50:00,0,966.07550000000003,5796.4530000000004,0,1.4673,1.4971739782658502,1020.8025429114693,0,0,966.07550000000003,54.727042911469312,0,0,0,0,1200.0000000000005,54.727042911469312,1020.8025429114693,2550.0000000000014,1497.823571213999,0,0,1497.823571213999
2025-07-22,125,2025-07-22 21:00:00,0,943.59666666666658,5661.5799999999999,0,1.0713999999999999,1.1033849948523433,1045.9412579235391,0,0,943.59666666666658,102.34459125687249,0,0,0,0,1200.0000000000005,102.34459125687249,1045.9412579235391,2550.0000000000014,1120.6214637392798,0,0,1120.6214637392798
2025-07-22,126,2025-07-22 21:10:00,0,962.74288333333334,5776.4573,0,1.0774999999999999,1.0379708733088127,1077.1641794493939,0,0,962.74288333333334,114.4212961160606,0,0,0,0,1200.0000000000005,114.4212961160606,1077.1641794493939,2550.0000000000014,1160.6444033567218,0,0,1160.6444033567218
2025-07-22,127,2025-07-22 21:20:00,0,968.89964999999995,5813.3978999999999,0,1.1077999999999999,1.0823963856045624,1091.8448306333291,0,0,968.89964999999995,122.94518063332919,0,0,0,0,1200.0000000000005,122.94518063332919,1091.8448306333291,2550.0000000000014,1209.545703375602,0,0,1209.545703375602
2025-07-22,128,2025-07-22 21:30:00,0,958.22166666666658,5749.3299999999999,0,1.0411999999999999,1.1019648127162871,1080.4235738701163,0,0,958.22166666666658,122.20190720344976,0,0,0,0,1200.0000000000005,122.20190720344976,1080.4235738701163,2550.0000000000014,1124.9370251135651,0,0,1124.9370251135651
2025-07-22,129,2025-07-22 21:40:00,0,972.22566666666671,5833.3540000000003,0,1.1082000000000001,1.157915727722395,1081.4061811343304,0,0,972.22566666666671,109.18051446766367,0,0,0,0,1200.0000000000005,109.18051446766367,1081.4061811343304,2550.0000000000014,1198.4143299330651,0,0,1198.4143299330651
2025-07-22,130,2025-07-22 21:50:00,0,914.44139999999993,5486.6484,0,0.96509999999999996,0.95401275781881489,1020.0188770229952,0,0,914.44139999999993,105.57747702299525,0,0,0,0,1200.0000000000005,105.57747702299525,1020.0188770229952,2550.0000000000014,984.42021821489266,0,0,984.42021821489266
2025-07-22,131,2025-07-22 22:00:00,0,801.42666666666673,4808.5600000000004,0,0.62949999999999995,0.60149503528818771,883.36066082637342,0,0,801.42666666666673,81.933994159706685,0,0,0,0,1200.0000000000005,81.933994159706685,883.36066082637342,2550.0000000000014,556.07553599020207,0,0,556.07553599020207
2025-07-22,132,2025-07-22 22:10:00,0,762.31541666666658,4573.8924999999999,0,0.5121,0.54099603046817424,845.54576939212427,0,0,762.31541666666658,83.230352725457692,0,0,0,0,1200.0000000000005,83.230352725457692,845.54576939212427,2550.0000000000014,433.00398850570684,0,0,433.00398850570684
2025-07-22,133,2025-07-22 22:20:00,0,782.56858333333332,4695.4115000000002,0,0.55379999999999996,0.55822157701278996,851.28781254086095,0,0,782.56858333333332,68.719229207527633,0,0,0,0,1200.0000000000005,68.719229207527633,851.28781254086095,2550.0000000000014,471.44319058512878,0,0,471.44319058512878
2025-07-22,134,2025-07-22 22:30:00,0,803.35166666666657,4820.1099999999997,0,0.61890000000000001,0.51424741879701541,1487.3186109079213,666.66666666666663,0,1470.0183333333332,17.300277574588108,666.66666666666663,0,0,0,1800.0000000000005,17.300277574588108,1487.3186109079213,2550.0000000000014,920.50148829091256,0,0,920.50148829091256
2025-07-22,135,2025-07-22 22:40:00,0,782.66791666666654,4696.0074999999997,0,0.63290000000000002,0.51662730474006602,1685.3228325699179,833.33333333333326,0,1616.0012499999998,69.321582569918064,833.33333333333326,0,0,0,2550.0000000000005,69.321582569918064,1685.3228325699179,2550.0000000000014,1066.640820733501,0,0,1066.640820733501
2025-07-22,136,2025-07-22 22:50:00,0,770.35474999999997,4622.1284999999998,0,0.58399999999999996,0.56852085672178043,872.70763743592875,0,0,770.35474999999997,102.35288743592878,0,0,0,0,2550.0000000000005,102.35288743592878,872.70763743592875,2550.0000000000014,509.66126026258235,0,0,509.66126026258235
2025-07-22,137,2025-07-22 23:00:00,0,782.36833333333334,4694.21,0,0.53869999999999996,0.60916840314957632,855.96921873602673,0,0,782.36833333333334,73.600885402693393,0,0,0,0,2550.0000000000005,73.600885402693393,855.96921873602673,2550.0000000000014,461.11061813309755,0,0,461.11061813309755
2025-07-22,138,2025-07-22 23:10:00,0,788.30729999999994,4729.8437999999996,0,0.57740000000000002,0.58346608665908917,877.5574740089271,0,0,788.30729999999994,89.250174008927161,0,0,0,0,2550.0000000000005,89.250174008927161,877.5574740089271,2550.0000000000014,506.70168549275451,0,0,506.70168549275451
2025-07-22,139,2025-07-22 23:20:00,0,798.44281666666666,4790.6569,0,0.59030000000000005,0.55542277921453942,843.52412328695448,0,0,798.44281666666666,45.081306620287819,0,0,0,0,2550.0000000000005,45.081306620287819,843.52412328695448,2550.0000000000014,497.93228997628927,0,0,497.93228997628927
2025-07-22,140,2025-07-22 23:30:00,0,798.50833333333333,4791.0500000000002,0,0.54869999999999997,0.55041685723305955,870.73823137111322,0,0,798.50833333333333,72.22989803777989,0,0,0,0,2550.0000000000005,72.22989803777989,870.73823137111322,2550.0000000000014,477.77406755332981,0,0,477.77406755332981
2025-07-22,141,2025-07-22 23:40:00,0,761.4683,4568.8098,0,0.53649999999999998,0.53852922204020426,860.65318637214966,0,0,761.4683,99.184886372149663,0,0,0,0,2550.0000000000005,99.184886372149663,860.65318637214966,2550.0000000000014,461.74043448865825,0,0,461.74043448865825
2025-07-22,142,2025-07-22 23:50:00,0,747.14741666666669,4482.8845000000001,0,0.56569999999999998,0.5437349946556288,837.03624231272443,0,0,747.14741666666669,89.88882564605774,0,0,0,0,2550.0000000000005,89.88882564605774,837.03624231272443,2550.0000000000014,473.51140227630822,0,0,473.51140227630822
2025-07-22,143,2025-07-23 00:00:00,0,760.39166666666665,4562.3500000000004,0,0.57740000000000002,0.55538396515884758,861.53797913408982,0,0,760.39166666666665,101.14631246742317,0,0,0,0,2550.0000000000005,101.14631246742317,861.53797913408982,2550.0000000000014,497.4520291520235,0,0,497.4520291520235
