date,slot,timestamp,node_hour,net_kwh,load_kw,pv_kw,price,price_forecast,grid,charge_cap,discharge_cap,called,unused,charge,discharge,emergency,spill,soc,total_surplus,g0,initial_soc,planned_cost,adjustment_cost,emergency_cost,total_cost
2025-03-20,0,2025-03-20 00:10:00,0,549.8448166666667,3299.0689000000002,0,0.44869999999999999,0.43687067630666887,615.01354247922143,833.33333333333326,0,549.8448166666667,65.168725812554726,0,0,0,0,10800,65.168725812554726,615.01354247922143,10800,275.95657651042666,0,0,275.95657651042666
2025-03-20,1,2025-03-20 00:20:00,0,570.31349999999998,3421.8809999999999,0,0.43730000000000002,0.42873630334617086,597.02142127171624,833.33333333333326,0,570.31349999999998,26.707921271716259,0,0,0,0,10800,26.707921271716259,597.02142127171624,10800,261.07746752212154,0,0,261.07746752212154
2025-03-20,2,2025-03-20 00:30:00,0,613.85166666666669,3683.1100000000001,0,0.43109999999999998,0.41880106403390005,601.14760614844351,833.33333333333326,0,601.14760614844351,0,0,0,12.704060518223173,0,10800,0,601.14760614844351,10800,259.15473301059399,0,27.38360244703005,286.53833545762404
2025-03-20,3,2025-03-20 00:40:00,0,579.4561666666666,3476.7370000000001,0,0.43440000000000001,0.44893864378911424,613.06379248049802,833.33333333333326,0,579.4561666666666,33.607625813831419,0,0,0,0,10800,33.607625813831419,613.06379248049802,10800,266.31491145352834,0,0,266.31491145352834
2025-03-20,4,2025-03-20 00:50:00,0,550.44491666666659,3302.6695,0,0.42380000000000001,0.45909762202173382,622.73686163218792,833.33333333333326,0,550.44491666666659,72.291944965521338,0,0,0,0,10800,72.291944965521338,622.73686163218792,10800,263.91588195972128,0,0,263.91588195972128
2025-03-20,5,2025-03-20 01:00:00,0,571.15666666666664,3426.9400000000001,0,0.42959999999999998,0.43315646568719685,605.36615212814525,833.33333333333326,0,571.15666666666664,34.209485461478607,0,0,0,0,10800,34.209485461478607,605.36615212814525,10800,260.0652989542512,0,0,260.0652989542512
2025-03-20,6,2025-03-20 01:10:00,0,601.58904999999993,3609.5342999999998,0,0.49890000000000001,0.41746971884774148,595.38960593578213,833.33333333333326,0,595.38960593578213,0,0,0,6.1994440642178006,0,10800,0,595.38960593578213,10800,297.03987440136171,0,15.464513218191303,312.50438761955303
2025-03-20,7,2025-03-20 01:20:00,0,611.48374999999999,3668.9025000000001,0,0.50829999999999997,0.41814054797971378,599.69623844728824,833.33333333333326,0,599.69623844728824,0,0,0,11.787511552711749,0,10800,0,599.69623844728824,10800,304.82559800275658,0,29.957960611216912,334.78355861397347
2025-03-20,8,2025-03-20 01:30:00,0,598.2166666666667,3589.3000000000002,0,0.44679999999999997,0.42373806793399782,599.40403371669083,833.33333333333326,0,598.2166666666667,1.187367050024136,0,0,0,0,10800,1.187367050024136,599.40403371669083,10800,267.81372226461747,0,0,267.81372226461747
2025-03-20,9,2025-03-20 01:40:00,0,583.93594999999993,3503.6156999999998,0,0.4284,0.42460324511462028,604.92251795280333,833.33333333333326,0,583.93594999999993,20.986567952803398,0,0,0,0,10800,20.986567952803398,604.92251795280333,10800,259.14880669098096,0,0,259.14880669098096
2025-03-20,10,2025-03-20 01:50:00,0,590.99504999999999,3545.9703,0,0.44359999999999999,0.43870302533675609,625.58772107577681,833.33333333333326,0,590.99504999999999,34.592671075776821,0,0,0,0,10800,34.592671075776821,625.58772107577681,10800,277.5107130692146,0,0,277.5107130692146
2025-03-20,11,2025-03-20 02:00:00,0,598.44333333333327,3590.6599999999999,0,0.45400000000000001,0.4475250077521904,670.98357796036794,833.33333333333326,0,598.44333333333327,72.540244627034667,0,0,0,0,10800,72.540244627034667,670.98357796036794,10800,304.62654439400706,0,0,304.62654439400706
2025-03-20,12,2025-03-20 02:10:00,0,565.98361666666665,3395.9016999999999,0,0.44040000000000001,0.42146018369033145,626.37782001735195,833.33333333333326,0,565.98361666666665,60.394203350685302,0,0,0,0,10800,60.394203350685302,626.37782001735195,10800,275.85679193564181,0,0,275.85679193564181
2025-03-20,13,2025-03-20 02:20:00,0,546.12076666666667,3276.7246,0,0.4405,0.42720752840411813,617.64965633096085,833.33333333333326,0,546.12076666666667,71.528889664294184,0,0,0,0,10800,71.528889664294184,617.64965633096085,10800,272.07467361378826,0,0,272.07467361378826
2025-03-20,14,2025-03-20 02:30:00,0,565.71333333333337,3394.2800000000002,0,0.45450000000000002,0.45937906437167036,619.09030885014613,833.33333333333326,0,565.71333333333337,53.376975516812763,0,0,0,0,10800,53.376975516812763,619.09030885014613,10800,281.37654537239143,0,0,281.37654537239143
2025-03-20,15,2025-03-20 02:40:00,0,597.92656666666664,3587.5594000000001,0,0.43890000000000001,0.4506218122635105,623.63097622162661,833.33333333333326,0,597.92656666666664,25.704409554959966,0,0,0,0,10800,25.704409554959966,623.63097622162661,10800,273.71163546367194,0,0,273.71163546367194
2025-03-20,16,2025-03-20 02:50:00,0,600.95446666666658,3605.7267999999999,0,0.38679999999999998,0.42650412696501189,633.8948615367824,833.33333333333326,0,600.95446666666658,32.940394870115824,0,0,0,0,10800,32.940394870115824,633.8948615367824,10800,245.19053244242741,0,0,245.19053244242741
2025-03-20,17,2025-03-20 03:00:00,0,587.13166666666666,3522.79,0,0.3634,0.41497122306122219,661.64157511264352,833.33333333333326,0,587.13166666666666,74.509908445976862,0,0,0,0,10800,74.509908445976862,661.64157511264352,10800,240.44054839593466,0,0,240.44054839593466
2025-03-20,18,2025-03-20 03:10:00,0,605.21029999999996,3631.2618000000002,0,0.44159999999999999,0.4232322654138877,642.41239802999701,833.33333333333326,0,605.21029999999996,37.202098029997046,0,0,0,0,10800,37.202098029997046,642.41239802999701,10800,283.68931497004667,0,0,283.68931497004667
2025-03-20,19,2025-03-20 03:20:00,0,621.89238333333333,3731.3543,0,0.4839,0.46037433520249132,627.49449870027513,833.33333333333326,0,621.89238333333333,5.6021153669418027,0,0,0,0,10800,5.6021153669418027,627.49449870027513,10800,303.64458792106313,0,0,303.64458792106313
2025-03-20,20,2025-03-20 03:30:00,0,620.16833333333329,3721.0100000000002,0,0.45739999999999997,0.49165968084329681,617.91889651311169,833.33333333333326,0,617.91889651311169,0,0,0,2.2494368202216037,0,10800,0,617.91889651311169,10800,282.63610326509729,0,5.1444620078468075,287.7805652729441
2025-03-20,21,2025-03-20 03:40:00,0,616.62308333333328,3699.7384999999999,0,0.45750000000000002,0.46759228473226166,623.55855165206003,833.33333333333326,0,616.62308333333328,6.9354683187267483,0,0,0,0,10800,6.9354683187267483,623.55855165206003,10800,285.27803738081747,0,0,285.27803738081747
2025-03-20,22,2025-03-20 03:50:00,0,612.46374999999989,3674.7824999999998,0,0.46289999999999998,0.44384393096611724,624.93147781651862,833.33333333333326,0,612.46374999999989,12.467727816518732,0,0,0,0,10800,12.467727816518732,624.93147781651862,10800,289.28078108126647,0,0,289.28078108126647
2025-03-20,23,2025-03-20 04:00:00,0,603.92999999999995,3623.5799999999999,0,0.44259999999999999,0.45966413005062967,631.64111616435207,833.33333333333326,0,603.92999999999995,27.71111616435212,0,0,0,0,10800,27.71111616435212,631.64111616435207,10800,279.56435801434225,0,0,279.56435801434225
2025-03-20,24,2025-03-20 04:10:00,0,589.79463333333319,3538.7696999999998,0.0019,0.40229999999999999,0.49102646855973536,625.71768041161329,833.33333333333326,0,589.79463333333319,35.923047078280092,0,0,0,0,10800,35.923047078280092,625.71768041161329,10800,251.72622282959202,0,0,251.72622282959202
2025-03-20,25,2025-03-20 04:20:00,0,581.46404999999993,3488.7842999999998,0,0.40749999999999997,0.47545580392041931,627.98316753361007,833.33333333333326,0,581.46404999999993,46.519117533610142,0,0,0,0,10800,46.519117533610142,627.98316753361007,10800,255.90314076994608,0,0,255.90314076994608
2025-03-20,26,2025-03-20 04:30:00,0,585.58500000000004,3513.5100000000002,0,0.45200000000000001,0.43038186874607165,681.25205259557333,833.33333333333326,0,585.58500000000004,95.667052595573296,0,0,0,0,10800,95.667052595573296,681.25205259557333,10800,307.92592777319913,0,0,307.92592777319913
2025-03-20,27,2025-03-20 04:40:00,0,599.72513333333336,3598.3779,0.027099999999999999,0.46460000000000001,0.42882979435728402,639.48111413171227,833.33333333333326,0,599.72513333333336,39.755980798378914,0,0,0,0,10800,39.755980798378914,639.48111413171227,10800,297.10292562559351,0,0,297.10292562559351
2025-03-20,28,2025-03-20 04:50:00,0,616.73931666666658,3700.4358999999999,0,0.45610000000000001,0.44554906507847142,640.94994753165599,833.33333333333326,0,616.73931666666658,24.210630864989412,0,0,0,0,10800,24.210630864989412,640.94994753165599,10800,292.33727106918832,0,0,292.33727106918832
2025-03-20,29,2025-03-20 05:00:00,0,625.59500000000003,3753.5700000000002,0,0.43790000000000001,0.44968012397443952,637.04511640659177,833.33333333333326,0,625.59500000000003,11.450116406591746,0,0,0,0,10800,11.450116406591746,637.04511640659177,10800,278.96205647444657,0,0,278.96205647444657
2025-03-20,30,2025-03-20 05:10:00,0,619.43391666666662,3716.9811,0.37759999999999999,0.41770000000000002,0.44529372665661709,625.68430516057913,833.33333333333326,0,619.43391666666662,6.2503884939125101,0,0,0,0,10800,6.2503884939125101,625.68430516057913,10800,261.3483342655739,0,0,261.3483342655739
2025-03-20,31,2025-03-20 05:20:00,0,617.84439999999995,3707.0664000000002,0,0.46400000000000002,0.48192759675859059,618.46892691799542,833.33333333333326,0,617.84439999999995,0.62452691799546756,0,0,0,0,10800,0.62452691799546756,618.46892691799542,10800,286.96958208994988,0,0,286.96958208994988
2025-03-20,32,2025-03-20 05:30:00,0,607.11500000000001,3642.6900000000001,0,0.48020000000000002,0.49830641119260716,641.98355302498851,833.33333333333326,0,607.11500000000001,34.868553024988501,0,0,0,0,10800,34.868553024988501,641.98355302498851,10800,308.28050216259948,0,0,308.28050216259948
2025-03-20,33,2025-03-20 05:40:00,0,575.43006666666668,3457.8398000000002,5.2594000000000003,0.35199999999999998,0.43627159979803803,645.72823902957555,833.33333333333326,0,575.43006666666668,70.298172362908872,0,0,0,0,10800,70.298172362908872,645.72823902957555,10800,227.29634013841059,0,0,227.29634013841059
2025-03-20,34,2025-03-20 05:50:00,0,671.46311666666656,4028.7786999999998,0,0.57940000000000003,0.63026622214029193,721.76981087999491,833.33333333333326,0,671.46311666666656,50.306694213328342,0,0,0,0,10800,50.306694213328342,721.76981087999491,10800,418.19342842386908,0,0,418.19342842386908
2025-03-20,35,2025-03-20 06:00:00,0,827.01499999999999,4962.0900000000001,0,1.0185,0.97032313223008892,886.17552906820265,833.33333333333326,0,827.01499999999999,59.160529068202663,0,0,0,0,10800,59.160529068202663,886.17552906820265,10800,902.56977635596434,0,0,902.56977635596434
2025-03-20,36,2025-03-20 06:10:00,6,791.94993333333343,4905.1198000000004,153.42019999999999,0.995,0.99940858182066417,858.37444470599701,833.33333333333326,0,791.94993333333343,66.424511372663574,0,0,0,0,10800,66.424511372663574,852.012848512647,10800,847.75278427008379,9.4946823185748901,0,857.24746658865865
2025-03-20,37,2025-03-20 06:20:00,6,709.96331666666674,4660.8239000000003,401.04399999999998,0.89319999999999999,0.93903201021886873,783.83669824424135,833.33333333333326,0,709.96331666666674,73.873381577574605,0,0,0,0,10800,73.873381577574605,776.9014568589605,10800,693.92838126642357,9.2918364079992788,0,703.22021767442288
2025-03-20,38,2025-03-20 06:30:00,6,671.37083333333328,4703.75,675.52499999999998,0.92810000000000004,0.93724849646733932,778.2289506197792,833.33333333333326,0,671.37083333333328,106.85811728644592,0,0,0,0,10800,106.85811728644592,776.24010825875803,10800,720.42844447495338,2.7687668928956222,0,723.19721136784904
2025-03-20,39,2025-03-20 06:40:00,6,629.04486666666662,4726.9008000000003,952.63160000000005,0.92310000000000003,0.90994288464540418,702.70746589488135,833.33333333333326,0,629.04486666666662,73.662599228214731,0,0,0,0,10800,73.662599228214731,720.23016589488134,10800,664.84446613756495,-8.0876021849999944,0,656.75686395256491
2025-03-20,40,2025-03-20 06:50:00,6,586.1559166666666,4819.4732999999997,1302.5378000000001,0.90200000000000002,0.87949278286554711,656.37204944804125,833.33333333333326,0,586.1559166666666,70.216132781374654,0,0,0,0,10800,70.216132781374654,648.95668833693026,10800,585.35893287991109,10.032983583333179,0,595.39191646324423
2025-03-20,41,2025-03-20 07:00:00,6,531.18208333333325,4880.3299999999999,1693.2375,0.87070000000000003,0.86002413997327731,581.28320388094221,833.33333333333326,0,531.18208333333325,50.101120547608957,0,0,0,0,10800,50.101120547608957,566.13891157457374,10800,492.93715030798137,19.779202966732541,0,512.71635327471392
2025-03-20,42,2025-03-20 07:10:00,6,446.57550000000003,4689.3761000000004,2009.9231,0.79920000000000002,0.83225464362846113,535.2065795399443,833.33333333333326,0,446.57550000000003,88.631079539944267,0,0,0,0,10800,88.631079539944267,512.26475736347368,10800,409.4019940848882,27.502656425152985,0,436.90465051004117
2025-03-20,43,2025-03-20 07:20:00,6,401.24161666666657,4713.3645999999999,2305.9149000000002,0.79569999999999996,0.80337276616663311,462.02050893447654,833.33333333333326,0,401.24161666666657,60.778892267809965,0,0,0,0,10800,60.778892267809965,470.66169070631338,10800,374.50550729501356,-3.437894167925287,0,371.06761312708829
2025-03-20,44,2025-03-20 07:30:00,6,369.57708333333323,4827.1999999999998,2609.7375000000002,0.80459999999999998,0.7526884876592681,486.52712143112922,833.33333333333326,0,369.57708333333323,116.95003809779598,0,0,0,0,10800,116.95003809779598,431.91685486204335,10800,347.52030142200005,65.909130722229733,0,413.42943214422979
2025-03-20,45,2025-03-20 07:40:00,6,280.6902,4578.1559999999999,2894.0147999999999,0.70009999999999994,0.70592900672748971,318.83047625040086,833.33333333333326,0,280.6902,38.140276250400859,0,0,0,0,10800,38.140276250400859,315.9060140517397,10800,221.16580043762295,3.0711239779240174,0,224.23692441554698
2025-03-20,46,2025-03-20 07:50:00,6,334.57806666666659,5187.0367999999999,3179.5684000000001,0.84670000000000001,0.91476620281929732,401.77288963347655,833.33333333333326,0,334.57806666666659,67.194822966809966,0,0,0,0,10800,67.194822966809966,391.499557477503,10800,331.48267531620178,13.047645504694206,0,344.53032082089601
2025-03-20,47,2025-03-20 08:00:00,6,488.17958333333337,6405.5900000000001,3476.5124999999998,1.1788000000000001,1.2221127427125444,547.3460635359844,833.33333333333326,0,488.17958333333337,59.16648020265103,0,0,0,0,10800,59.16648020265103,578.68431890870602,10800,682.1530751295827,-18.470767716682122,0,663.68230741290063
2025-03-20,48,2025-03-20 08:10:00,6,482.80385000000001,6658.0486000000001,3761.2255,1.2356,1.206701651367206,524.42458287726993,833.33333333333326,0,482.80385000000001,41.620732877269916,0,0,0,0,10800,41.620732877269916,540.65250998347631,10800,668.03024133558336,-10.025613366214301,0,658.00462796936904
2025-03-20,49,2025-03-20 08:20:00,6,438.37139999999988,6606.6000999999997,3976.3717000000001,1.1876,1.1273873457207446,422.5426457812253,833.33333333333326,0,422.5426457812253,0,0,0,15.828754218774577,0,10800,0,431.31852090562353,10800,512.23387542751846,-5.2111146488676665,93.991142551083428,601.01390332973415
2025-03-20,50,2025-03-20 08:30:00,6,411.15750000000008,6687.2700000000004,4220.3249999999998,1.1569,1.1260281522236957,397.79356076154113,833.33333333333326,0,397.79356076154113,0,0,0,13.363939238458954,0,10800,0,389.82868632410941,10800,450.99280720836219,13.821844854997131,77.303706524865831,542.11835858822519
2025-03-20,51,2025-03-20 08:40:00,6,332.67218333333324,6649.7759999999998,4653.7429000000002,1.0869,1.0825344143579316,355.86643463507903,833.33333333333326,0,332.67218333333324,23.194251301745794,0,0,0,0,10800,23.194251301745794,398.03368960877299,10800,432.62281723577536,-22.915794715453981,0,409.7070225203214
2025-03-20,52,2025-03-20 08:50:00,6,278.00513333333322,6705.5334999999995,5037.5027,1.0527,1.0676770262950024,289.37577566114817,833.33333333333326,0,278.00513333333322,11.370642327814949,0,0,0,0,10800,11.370642327814949,376.73449163000896,10800,396.58839933891045,-45.981260150209877,0,350.60713918870056
2025-03-20,53,2025-03-20 09:00:00,6,262.82041666666674,6757.8100000000004,5180.8874999999998,1.0680000000000001,1.0892252529076436,228.05056496744237,833.33333333333326,0,228.05056496744237,0,0,0,34.769851699224375,0,10800,0,326.31961996110488,10800,348.50935411846001,-52.475675366615782,185.67100807385816,481.70468682570237
2025-03-20,54,2025-03-20 09:10:00,6,221.28376666666659,6494.2003999999997,5166.4978000000001,1.0671999999999999,1.0672324056283855,183.47758520062882,833.33333333333326,0,183.47758520062882,0,0,0,37.806181466037771,0,10800,0,210.58940156968703,10800,224.74100935516998,-14.466865214529456,201.73378430277751,412.007928443418
2025-03-20,55,2025-03-20 09:20:00,6,150.51836666666668,6436.4391999999998,5533.3289999999997,1.0563,1.0440974373622627,168.19252431422001,833.33333333333326,0,150.51836666666668,17.674157647553329,0,0,0,0,10800,17.674157647553329,160.94069098088644,10800,170.00165188311036,11.490167325000368,0,181.49181920811071
2025-03-20,56,2025-03-20 09:30:00,6,77.185416666666697,6570.8500000000004,6107.7375000000002,1.0344,1.03861859624401,139.06786427855869,833.33333333333326,0,77.185416666666697,61.88244761189199,0,0,0,0,10800,61.88244761189199,120.13370627301393,10800,124.26630576880561,29.378239561403248,0,153.64454533020887
2025-03-20,57,2025-03-20 09:40:00,6,36.094750000000047,6399.3635000000004,6182.7950000000001,0.99370000000000003,1.0251275913044464,63.044336670360124,833.33333333333326,0,36.094750000000047,26.949586670360077,0,0,0,0,10800,26.949586670360077,69.754650986169281,10800,69.315196684956419,-3.3340196678097795,0,65.981177017146635
2025-03-20,58,2025-03-20 09:50:00,6,41.25734999999986,6445.9300999999996,6198.3860000000004,0.99709999999999999,1.0129467768145031,31.990672022339062,833.33333333333326,0,31.990672022339062,0,0,0,9.2666779776607981,0,10800,0,36.483312794020094,10800,36.377511186917438,-2.2398060567215783,46.199023057627912,80.33672818782378
2025-03-20,59,2025-03-20 10:00:00,6,45.207083333333379,6697.4300000000003,6426.1875,1.0130999999999999,1.0120947611049218,20.648145183303619,833.33333333333326,0,20.648145183303619,0,0,0,24.558938150029761,0,10800,0,0,10800,0,31.377953827807342,124.40330119897574,155.78125502678307
2025-03-20,60,2025-03-20 10:10:00,6,-16.208749999999931,6577.9956000000002,6675.2480999999998,0.94799999999999995,1.0163777255776525,3.2848940040453272,833.33333333333326,0,0,3.2848940040453272,0,0,0,16.208749999999931,10800,19.493644004045258,65.968450169443884,10800,62.538090760632798,-29.712005622398916,0,32.826085138233879
2025-03-20,61,2025-03-20 10:20:00,6,-54.787799999999905,6445.2772000000004,6774.0039999999999,0.90580000000000005,0.98377352744063684,0,833.33333333333326,0,0,0,0,0,0,54.787799999999905,10800,54.787799999999905,86.662745834181663,10800,78.499115176601748,-39.249557588300874,0,39.249557588300874
2025-03-20,62,2025-03-20 10:30:00,6,-67.577500000000015,6473.6099999999997,6879.0749999999998,0.92789999999999995,0.95298358716642495,14.465704095664933,833.33333333333326,0,0,14.465704095664933,0,0,0,67.577500000000015,10800,82.043204095664947,0,10800,0,20.134090245551235,0,20.134090245551235
2025-03-20,63,2025-03-20 10:40:00,6,-135.71306666666669,6454.2353000000003,7268.5137000000004,0.92700000000000005,0.96665633199543066,0,833.33333333333326,0,0,0,0,0,0,135.71306666666669,10800,135.71306666666669,0,10800,0,0,0,0
2025-03-20,64,2025-03-20 10:50:00,6,-183.83656666666667,6352.3360000000002,7455.3554000000004,0.76280000000000003,0.80293123966981772,0,833.33333333333326,0,0,0,0,0,0,183.83656666666667,10800,183.83656666666667,0,10800,0,0,0,0
2025-03-20,65,2025-03-20 11:00:00,6,-163.85000000000005,6279.8999999999996,7263,0.54400000000000004,0.56153146842007806,0,833.33333333333326,0,0,0,0,0,0,163.85000000000005,10800,163.85000000000005,0,10800,0,0,0,0
2025-03-20,66,2025-03-20 11:10:00,6,-109.9373833333334,6362.0436,7021.6679000000004,0.53459999999999996,0.56850914238952677,0,833.33333333333326,0,0,0,0,0,0,109.9373833333334,10800,109.9373833333334,0,10800,0,0,0,0
2025-03-20,67,2025-03-20 11:20:00,6,-109.84115000000004,6393.8373000000001,7052.8842000000004,0.58720000000000006,0.61020807015501077,0,833.33333333333326,0,0,0,0,0,0,109.84115000000004,10800,109.84115000000004,0,10800,0,0,0,0
2025-03-20,68,2025-03-20 11:30:00,6,-159.57708333333326,6360.1000000000004,7317.5625,0.57699999999999996,0.5870635834279182,0,833.33333333333326,0,0,0,0,0,0,159.57708333333326,10800,159.57708333333326,0,10800,0,0,0,0
2025-03-20,69,2025-03-20 11:40:00,6,-180.26761666666667,6424.0276000000003,7505.6333000000004,0.52410000000000001,0.60778362224451388,0,833.33333333333326,0,0,0,0,0,0,180.26761666666667,10800,180.26761666666667,0,10800,0,0,0,0
2025-03-20,70,2025-03-20 11:50:00,6,-209.23511666666656,6379.6216000000004,7635.0322999999999,0.5111,0.58985836490207411,0,833.33333333333326,0,0,0,0,0,0,209.23511666666656,10800,209.23511666666656,0,10800,0,0,0,0
2025-03-20,71,2025-03-20 12:00:00,6,-275.02166666666665,6168.3199999999997,7818.4499999999998,0.51580000000000004,0.53178424697669202,0,833.33333333333326,0,0,0,0,0,0,275.02166666666665,10800,275.02166666666665,0,10800,0,0,0,0
2025-03-20,72,2025-03-20 12:10:00,12,-354.02131666666673,5958.8116,8082.9395000000004,0.45190000000000002,0.52931521163489881,0,833.33333333333326,0,0,0,0,0,0,354.02131666666673,10800,354.02131666666673,0,10800,0,0,0,0
2025-03-20,73,2025-03-20 12:20:00,12,-372.55679999999995,5855.2299000000003,8090.5707000000002,0.44350000000000001,0.53158382485066058,0,833.33333333333326,0,0,0,0,0,0,372.55679999999995,10800,372.55679999999995,0,10800,0,0,0,0
2025-03-20,74,2025-03-20 12:30:00,12,-304.28375000000005,5883.6599999999999,7709.3625000000002,0.49149999999999999,0.48994190397447523,0,833.33333333333326,0,0,0,0,0,0,304.28375000000005,10800,304.28375000000005,0,10800,0,0,0,0
2025-03-20,75,2025-03-20 12:40:00,12,-199.82943333333333,6006.2794000000004,7205.2560000000003,0.49719999999999998,0.4561135291649755,0,833.33333333333326,0,0,0,0,0,0,199.82943333333333,10800,199.82943333333333,26.823069560141988,10800,13.336430185302596,-6.6682150926512982,0,6.6682150926512982
2025-03-20,76,2025-03-20 12:50:00,12,-173.0982333333333,6168.3548000000001,7206.9441999999999,0.66039999999999999,0.63926538426869595,0,833.33333333333326,0,0,0,0,0,0,173.0982333333333,10800,173.0982333333333,135.78240284984912,10800,89.670698842040352,-44.835349421020176,0,44.835349421020176
2025-03-20,77,2025-03-20 13:00:00,12,-195.73666666666668,6351.3800000000001,7525.8000000000002,0.90010000000000001,0.91076868874033523,0,833.33333333333326,0,0,0,0,0,0,195.73666666666668,10800,195.73666666666668,251.03680741808967,10800,225.9582303570225,-112.97911517851125,0,112.97911517851125
2025-03-20,78,2025-03-20 13:10:00,12,-138.07556666666656,6510.6216000000004,7339.0749999999998,0.91249999999999998,0.93044029652351334,0,833.33333333333326,0,0,0,0,0,0,138.07556666666656,10800,138.07556666666656,244.02161307283828,10800,222.66972192896492,-111.33486096448246,0,111.33486096448246
2025-03-20,79,2025-03-20 13:20:00,12,-90.30038333333323,6358.8315000000002,6900.6337999999996,0.91900000000000004,0.90290698614750098,0,833.33333333333326,0,0,0,0,0,0,90.30038333333323,10800,90.30038333333323,198.21137871864644,10800,182.1562570424361,-91.078128521218048,0,91.078128521218048
2025-03-20,80,2025-03-20 13:30:00,12,-95.118749999999935,6039.3000000000002,6610.0124999999998,0.98170000000000002,0.94146013129765416,0,833.33333333333326,0,0,0,0,0,0,95.118749999999935,10800,95.118749999999935,146.14731759392436,10800,143.47282168195554,-71.736410840977769,0,71.736410840977769
2025-03-20,81,2025-03-20 13:40:00,12,-102.19911666666667,6028.9848000000002,6642.1795000000002,0.93610000000000004,0.94631833890162054,0,833.33333333333326,0,0,0,0,0,0,102.19911666666667,10800,102.19911666666667,142.60640161550992,10800,133.49385255227884,-66.746926276139419,0,66.746926276139419
2025-03-20,82,2025-03-20 13:50:00,12,-104.79273333333336,6177.7812999999996,6806.5376999999999,0.88290000000000002,0.93169504898525091,0,833.33333333333326,0,0,0,0,0,0,104.79273333333336,10800,104.79273333333336,191.35530829816312,10800,168.94760169644823,-84.473800848224116,0,84.473800848224116
2025-03-20,83,2025-03-20 14:00:00,12,-86.654999999999887,6280.0200000000004,6799.9499999999998,0.89239999999999997,0.93222883240036458,0,833.33333333333326,0,0,0,0,0,0,86.654999999999887,10800,86.654999999999887,215.74592663833118,10800,192.53166493204674,-96.265832466023369,0,96.265832466023369
2025-03-20,84,2025-03-20 14:10:00,12,-28.355233333333366,6283.4822999999997,6453.6136999999999,0.93510000000000004,0.95220494211630669,0,833.33333333333326,0,0,0,0,0,0,28.355233333333366,10800,28.355233333333366,196.87253430202978,10800,184.09550682582804,-92.04775341291402,0,92.04775341291402
2025-03-20,85,2025-03-20 14:20:00,12,18.553900000000034,6314.9120000000003,6203.5886,0.98170000000000002,0.96434503818990536,0,833.33333333333326,833.33333333333337,0,0,0,18.553900000000034,0,0,10779.384555555556,-0,251.93989613284958,10800,247.32939603361845,-123.66469801680923,0,123.66469801680923
2025-03-20,86,2025-03-20 14:30:00,12,39.517083333333325,6352.79,6115.6875,1.0266999999999999,0.99479619608757375,0,833.33333333333326,82.775724288844074,0,0,0,39.517083333333325,0,0,10735.476685185185,-0,292.70703849151784,10800,300.52231641924135,-150.26115820962067,0,150.26115820962067
2025-03-20,87,2025-03-20 14:40:00,12,70.293283333333264,6259.4213,5837.6616000000004,1.0547,1.0540992930198971,0,833.33333333333326,833.33333333333337,0,0,0,70.293283333333264,0,0,10657.373037037038,-0,412.91936985514485,10800,435.50605938622124,-217.75302969311062,0,217.75302969311062
2025-03-20,88,2025-03-20 14:50:00,12,126.35851666666667,6190.1145999999999,5431.9634999999998,0.92669999999999997,0.93256036699473155,0,833.33333333333326,833.33333333333337,0,0,0,126.35851666666667,0,0,10516.974685185185,-0,505.36316772479358,10800,468.32004753056617,-234.16002376528309,0,234.16002376528309
2025-03-20,89,2025-03-20 15:00:00,12,180.64416666666676,6156.6400000000003,5072.7749999999996,0.7137,0.71405924339007887,267.32293557486668,833.33333333333326,0,267.32293557486668,0,86.678768908199913,0,0,0,10594.985577202566,-0,538.57773439146035,10800,384.38292903518527,-96.797274957701447,0,287.58565407748381
2025-03-20,90,2025-03-20 15:10:00,12,197.31856666666664,6039.3658999999998,4855.4544999999998,0.65249999999999997,0.69988258649792368,531.57472394850765,833.33333333333326,0,425.11236977492689,106.46235417358076,227.79380310826025,0,0,0,10800,106.46235417358076,531.57472394850765,10800,346.85250737640121,0,0,346.85250737640121
2025-03-20,91,2025-03-20 15:20:00,12,248.80676666666659,6054.6788999999999,4561.8383000000003,0.67989999999999995,0.75917350674254258,288.11138696667757,833.33333333333326,17.811029827948687,248.80676666666659,39.304620300010981,0,0,0,0,10800,39.304620300010981,554.43287584782627,10800,376.95891228893703,-90.535990145146499,0,286.42292214379052
2025-03-20,92,2025-03-20 15:30:00,12,340.14250000000004,6187.6800000000003,4146.8249999999998,0.73009999999999997,0.79560624232487487,358.58183508177314,833.33333333333326,833.33333333333337,340.14250000000004,18.439335081773095,0,0,0,0,10800,18.439335081773095,589.76603497409974,10800,430.58818213459023,-84.393792170693828,0,346.19438996389641
2025-03-20,93,2025-03-20 15:40:00,12,402.7822666666666,6195.3720999999996,3778.6785,0.80500000000000005,0.83772928209921016,398.51651612177045,833.33333333333326,31.114560268450361,398.51651612177045,0,0,4.2657505448961501,0,0,10795.260277172338,-0,649.06217588110371,10800,522.49505158428849,-100.84462805313164,0,421.65042353115683
2025-03-20,94,2025-03-20 15:50:00,12,452.45245,6186.1376,3471.4229,0.87880000000000003,0.82244989319614925,442.95211162326945,833.33333333333326,23.22129560952078,442.95211162326945,0,0,9.5003383767305536,0,0,10784.704345642636,-0,676.33534797687628,10800,594.36350380207887,-102.54859405377485,0,491.81490974830399
2025-03-20,95,2025-03-20 16:00:00,12,507.32416666666666,6200.1700000000001,3156.2249999999999,0.90890000000000004,0.78265555803430453,489.1731715391175,833.33333333333326,0,489.1731715391175,0,0,0,18.150995127549152,0,10784.704345642636,0,693.43627415017329,10800,630.26422957509249,-92.827366981594309,82.487197357147124,619.9240599506453
2025-03-20,96,2025-03-20 16:10:00,12,562.26155000000006,6153.3743000000004,2779.8049999999998,0.87670000000000003,0.82428479354972117,520.59432332944891,833.33333333333326,23.591389468810348,520.59432332944891,0,0,23.591389468810348,18.075837201740796,0,10758.491690677292,0,769.62166180988663,10800,674.72731090872765,-109.16113382289988,79.235432373830776,644.80160945965861
2025-03-20,97,2025-03-20 16:20:00,12,599.0672166666667,6101.7592000000004,2507.3559,0.88880000000000003,0.88746750488064552,574.42623659397111,833.33333333333326,39.629354202794843,574.42623659397111,0,0,24.640980072695584,0,0,10731.112823929852,-0,791.03005384600669,10800,703.06751185833082,-96.258736386804614,0,606.80877547152625
2025-03-20,98,2025-03-20 16:30:00,12,630.75624999999991,6118.9499999999998,2334.4124999999999,0.94410000000000005,0.92862484873658457,620.99831937432998,833.33333333333326,65.682601086797717,620.99831937432998,0,0,9.7579306256699283,0,0,10720.270678790219,-0,796.8763292188911,10800,752.33094241555511,-83.023214547125079,0,669.30772786842999
2025-03-20,99,2025-03-20 16:40:00,12,688.73554999999999,6209.4948999999997,2077.0816,0.94599999999999995,0.95869379164717339,689.06177484901582,833.33333333333326,62.901312396375147,689.06177484901582,0,0.32622484901582993,0,0,0,10720.564281154333,-0,803.74376927833703,10800,760.34160573730674,-54.244583365068927,0,706.0970223722378
2025-03-20,100,2025-03-20 16:50:00,12,742.72428333333323,6190.1989999999996,1733.8533,0.9677,0.97097101310145439,779.16607836688081,833.33333333333326,2.755470787760828,779.16607836688081,0,36.441795033547578,0,0,0,10753.361896684526,-0,826.96383861966194,10800,800.25290663224689,-23.126946298308152,0,777.12596033393879
2025-03-20,101,2025-03-20 17:00:00,12,787.41291666666643,6102.1899999999996,1377.7125000000001,1.0139,0.98757503728731866,805.44098715565929,833.33333333333326,5.912618970416224,805.44098715565929,0,18.028070488992853,0,0,0,10769.58716012462,-0,867.22303379303401,10800,879.27743396275719,-31.320408542817116,0,847.95702541994012
2025-03-20,102,2025-03-20 17:10:00,12,843.23245000000009,6143.2969000000003,1083.9022,1.0152000000000001,1.0378001977496429,842.87320425381802,833.33333333333326,833.33333333333337,842.87320425381802,0,0,0.35924574618206861,0,0,10769.187998184418,-0,922.87005358317151,10800,936.89767839763579,-40.606400719579838,0,896.29127767805596
2025-03-20,103,2025-03-20 17:20:00,12,873.85518333333323,6075.0133999999998,831.88229999999999,1.0487,1.0667349494860128,871.67644952140006,833.33333333333326,71.285955979577125,871.67644952140006,0,0,2.1787338119331707,0,0,10766.767182837826,-0,969.29910837625437,10800,1016.5039749541779,-51.188441170542852,0,965.31553378363503
2025-03-20,104,2025-03-20 17:30:00,12,904.72375000000011,6025.6800000000003,597.33749999999998,1.0879000000000001,1.06422794112937,933.51811639008577,833.33333333333326,833.33333333333337,933.51811639008577,0,28.794366390085656,0,0,0,10792.682112588904,-0,1000.347000373521,10800,1088.2775017063536,-36.35157144278962,0,1051.9259302635639
2025-03-20,105,2025-03-20 17:40:00,12,973.09074999999996,6213.4416000000001,374.89710000000002,1.0390999999999999,1.0808426996568479,1009.9048574090574,833.33333333333326,34.846813786860253,981.22173601232919,28.683121396728211,8.130986012329231,0,0,0,10800,28.683121396728211,1041.4455963751807,10800,1082.1661191934502,-16.38699092984935,0,1065.7791282636008
2025-03-20,106,2025-03-20 17:50:00,12,873.00318333333337,5394.1467000000002,156.1276,1.0931999999999999,1.1461698016444988,912.47363174386624,833.33333333333326,46.321703059627225,873.00318333333337,39.470448410532867,0,0,0,0,10800,39.470448410532867,944.28529452048656,10800,1032.2926839697959,-17.388254873700667,0,1014.9044290960952
2025-03-20,107,2025-03-20 18:00:00,12,682.35333333333324,4094.1199999999999,0,1.2487999999999999,1.2268139143248566,679.89117316981537,833.33333333333326,833.33333333333337,679.89117316981537,0,0,2.4621601635178649,0,0,10797.264266484981,-0,751.15649281306651,10800,938.04422822495735,-44.498065585246003,0,893.54616263971138
2025-03-20,108,2025-03-20 18:10:00,18,697.99728333333326,4187.9836999999998,0,1.2992999999999999,1.2566850321194409,710.55576220277737,833.33333333333326,0,701.03698723891,9.5187749638673722,3.0397039055767689,0,0,0,10800,9.5187749638673473,723.25959516548903,10800,939.73119199851988,-8.2530450842256275,0,931.47814691429426
2025-03-20,109,2025-03-20 18:20:00,18,739.30821666666657,4441.4267,5.5773999999999999,1.2761,1.2616619213306444,735.28971067368423,833.33333333333326,0.80159175019730355,735.28971067368423,0,0,0.80159175019730355,3.2169142427850375,0,10799.109342499782,0,745.28595015479357,10800,951.05940099253212,-6.3781006009218153,20.52552132608993,965.20682171770022
2025-03-20,110,2025-03-20 18:30:00,18,709.24166666666656,4255.4499999999998,0,1.2566999999999999,1.2714946156368261,734.8556661323089,833.33333333333326,3.6617851149750322,710.2312861113536,24.6243800209553,0.98961944468707463,0,0,0,10800,24.624380020955261,759.86259939464867,10800,954.91932865925492,-15.713106515391194,0,939.20622214386367
2025-03-20,111,2025-03-20 18:40:00,18,714.42281666666668,4286.5369000000001,0,1.2773000000000001,1.2848966945595284,772.99642294766477,833.33333333333326,0,714.42281666666668,58.573606280998092,0,0,0,0,10800,58.573606280998092,772.99642294766477,10800,987.34833103105234,0,0,987.34833103105234
2025-03-20,112,2025-03-20 18:50:00,18,744.97433333333322,4470.2464,0.40039999999999998,1.2813000000000001,1.2851631146437856,765.31281031268236,833.33333333333326,0,744.97433333333322,20.338476979349139,0,0,0,0,10800,20.338476979349139,765.31281031268236,10800,980.59530385363996,0,0,980.59530385363996
2025-03-20,113,2025-03-20 19:00:00,18,763.20666666666659,4579.2399999999998,0,1.2693000000000001,1.2760221973247923,747.24930162020189,833.33333333333326,9.793040007399668,747.24930162020189,0,0,9.793040007399668,6.1643250390650337,0,10789.118844436223,0,757.04234162760156,10800,960.91384422791475,-6.2151528406961996,39.121888860426239,993.82058024764478
2025-03-20,114,2025-03-20 19:10:00,18,746.71803333333332,4480.3082000000004,0,1.2899,1.2786821183198502,757.24178758143694,833.33333333333326,20.286214172271912,757.24178758143694,0,10.523754248103614,0,0,0,10798.590223259516,-0,777.52800175370885,10800,1002.9333694621091,-13.08359383040677,0,989.8497756317023
2025-03-20,115,2025-03-20 19:20:00,18,714.25549999999998,4285.5618000000004,0.028799999999999999,1.2668999999999999,1.2805388018595609,751.04461838839779,833.33333333333326,57.172461247540923,715.8219186005374,35.222699787860392,1.5664186005374681,0,0,0,10800,35.222699787860343,808.21707963593872,10800,1023.9302181907707,-36.215895577254798,0,987.71432261351583
2025-03-20,116,2025-03-20 19:30:00,18,699.46333333333325,4196.7799999999997,0,1.2323,1.2785553606574955,754.81845318052763,833.33333333333326,0,699.46333333333325,55.355119847194374,0,0,0,0,10800,55.355119847194374,754.81845318052763,10800,930.1627798543642,0,0,930.1627798543642
2025-03-20,117,2025-03-20 19:40:00,18,721.81140000000005,4330.8684000000003,0,1.2902,1.2807511491218715,788.09448410234336,833.33333333333326,11.285067205071527,721.81140000000005,66.283084102343309,0,0,0,0,10800,66.283084102343309,799.37955130741489,10800,1031.3594970968268,-7.2799968539916424,0,1024.0795002428351
2025-03-20,118,2025-03-20 19:50:00,18,728.49099999999999,4370.9480999999996,0.0020999999999999999,1.2824,1.2709801538786416,792.71033632385263,833.33333333333326,1.1086724180916008,728.49099999999999,64.219336323852644,0,0,0,0,10800,64.219336323852644,793.81900874194423,10800,1017.9934968106693,-0.71088075448033439,0,1017.282616056189
2025-03-20,119,2025-03-20 20:00:00,18,726.36833333333334,4358.21,0,1.2233000000000001,1.2538027709161073,761.46617494384441,833.33333333333326,0,726.36833333333334,35.097841610511068,0,0,0,0,10800,35.097841610511068,768.72763566030073,10800,940.38451670324594,-4.4414724472205123,0,935.94304425602547
2025-03-20,120,2025-03-20 20:10:00,18,764.33651666666674,4586.0191000000004,0,1.2788999999999999,1.2543403427861286,746.86271847834303,833.33333333333326,0,746.86271847834303,0,0,0,17.473798188323713,0,10800,0,746.86271847834303,10800,955.16273066195288,0,111.73620251523597,1066.8989331771888
2025-03-20,121,2025-03-20 20:20:00,18,753.94381666666663,4523.6629000000003,0,1.2779,1.2637943352409859,756.39030559731145,833.33333333333326,0,753.94381666666663,2.4464889306448185,0,0,0,0,10800,2.4464889306448185,770.0142144126886,10800,984.00116459797482,-8.7049965375852292,0,975.29616806038962
2025-03-20,122,2025-03-20 20:30:00,18,702.56166666666661,4215.3699999999999,0,1.2387999999999999,1.2856406354706271,750.16598076058312,833.33333333333326,0,702.56166666666661,47.604314093916514,0,0,0,0,10800,47.604314093916514,777.64074128657535,10800,963.34135030580944,-17.017866669799581,0,946.32348363600988
2025-03-20,123,2025-03-20 20:40:00,18,709.37448333333327,4256.2469000000001,0,1.3228,1.3033556723242381,778.15964119881471,833.33333333333326,0,709.37448333333327,68.785157865481438,0,0,0,0,10800,68.785157865481438,764.04876962637081,10800,1010.6837124617633,27.998791374043183,0,1038.6825038358065
2025-03-20,124,2025-03-20 20:50:00,18,719.83598333333339,4319.0159000000003,0,1.1769000000000001,1.1716011706911869,782.15510278129068,833.33333333333326,0,719.83598333333339,62.319119447957291,0,0,0,0,10800,62.319119447957291,744.06620082762333,10800,875.69151175402999,67.240243063906647,0,942.93175481793662
2025-03-20,125,2025-03-20 21:00:00,18,709.54166666666663,4257.25,0,0.88619999999999999,0.96202963138012898,763.56535419573663,833.33333333333326,0,709.54166666666663,54.023687529070003,0,0,0,0,10800,54.023687529070003,749.26215149621385,10800,663.99611865594466,19.013247348475637,0,683.00936600442026
2025-03-20,126,2025-03-20 21:10:00,18,715.0446833333333,4290.2681000000002,0,0.91700000000000004,0.90497767813084073,760.45642217471027,833.33333333333326,0,715.0446833333333,45.411738841376973,0,0,0,0,10800,45.411738841376973,760.45642217471027,10800,697.33853913420933,0,0,697.33853913420933
2025-03-20,127,2025-03-20 21:20:00,18,736.45059999999989,4418.7035999999998,0,0.99990000000000001,0.91569052129108885,758.4693475167951,833.33333333333326,0,736.45059999999989,22.018747516795202,0,0,0,0,10800,22.018747516795202,758.4693475167951,10800,758.39350058204343,0,0,758.39350058204343
2025-03-20,128,2025-03-20 21:30:00,18,758.93333333333339,4553.6000000000004,0,0.99639999999999995,0.9384406604122898,768.73271846147043,833.33333333333326,0,758.93333333333339,9.7993851281370326,0,0,0,0,10800,9.7993851281370326,751.17528105035512,10800,748.47105003857382,26.241345954652928,0,774.71239599322678
2025-03-20,129,2025-03-20 21:40:00,18,754.37546666666663,4526.2528000000002,0,1.0003,0.96076060464524859,778.25073910555841,833.33333333333326,0,754.37546666666663,23.875272438891784,0,0,0,0,10800,23.875272438891784,782.64273081430974,10800,782.87752363355401,-2.1966546531319797,0,780.68086898042202
2025-03-20,130,2025-03-20 21:50:00,18,666.93753333333325,4001.6251999999999,0,0.77080000000000004,0.752289245325096,697.7071994533045,833.33333333333326,0,666.93753333333325,30.769666119971248,0,0,0,0,10800,30.769666119971248,697.7071994533045,10800,537.7927093386071,0,0,537.7927093386071
2025-03-20,131,2025-03-20 22:00:00,18,553.15666666666664,3318.9400000000001,0,0.41899999999999998,0.44053282361909918,604.60564906191064,833.33333333333326,0,553.15666666666664,51.448982395244002,0,0,0,0,10800,51.448982395244002,604.60564906191064,10800,253.32976695694055,0,0,253.32976695694055
2025-03-20,132,2025-03-20 22:10:00,18,538.90146666666669,3233.4088000000002,0,0.34839999999999999,0.3965324096284793,578.42592547940433,833.33333333333326,0,538.90146666666669,39.524458812737635,0,0,0,0,10800,39.524458812737635,597.59873662853647,10800,208.20339984138209,-3.3399037021788196,0,204.86349613920328
2025-03-20,133,2025-03-20 22:20:00,18,553.32849999999996,3319.971,0,0.38329999999999997,0.43262337934229605,580.41512122075449,833.33333333333326,0,553.32849999999996,27.086621220754523,0,0,0,0,10800,27.086621220754523,633.54606637826339,10800,242.83820724278834,-10.182545639436581,0,232.65566160335177
2025-03-20,134,2025-03-20 22:30:00,18,542.63999999999999,3255.8400000000001,0,0.39029999999999998,0.4228393787440991,593.93085046937256,833.33333333333326,0,542.63999999999999,51.290850469372572,0,0,0,0,10800,51.290850469372572,637.62030257515664,10800,248.86320409508363,-8.5259965784437632,0,240.33720751663986
2025-03-20,135,2025-03-20 22:40:00,18,524.02209999999991,3144.1325999999999,0,0.41260000000000002,0.4320747325987484,580.58463591361078,833.33333333333326,0,524.02209999999991,56.562535913610873,0,0,0,0,10800,56.562535913610873,581.72613176793641,10800,240.02020196745059,-0.23549059474737669,0,239.78471137270321
2025-03-20,136,2025-03-20 22:50:00,18,526.96956666666665,3161.8173999999999,0,0.43430000000000002,0.43568924297522954,586.09392947924596,833.33333333333326,0,526.96956666666665,59.124362812579307,0,0,0,0,10800,59.124362812579307,588.50800567236377,10800,255.5890268635076,-0.52421664533553192,0,255.06481021817206
2025-03-20,137,2025-03-20 23:00:00,18,549.39999999999998,3296.4000000000001,0,0.44280000000000003,0.42529669855609203,578.06136703062577,833.33333333333326,0,549.39999999999998,28.661367030625797,0,0,0,0,10800,28.661367030625797,584.30844401349736,10800,258.73177900917665,-1.3831028440077702,0,257.34867616516885
2025-03-20,138,2025-03-20 23:10:00,18,559.40134999999998,3356.4081000000001,0,0.43969999999999998,0.42687399854657665,588.41479512354954,833.33333333333326,0,559.40134999999998,29.013445123549559,0,0,0,0,10800,29.013445123549559,594.11711636456857,10800,261.23329606550078,-1.2536553248380349,0,259.97964074066277
2025-03-20,139,2025-03-20 23:20:00,18,543.62793333333332,3261.7676000000001,0,0.40489999999999998,0.43344030346023887,592.60120651454565,833.33333333333326,0,543.62793333333332,48.973273181212335,0,0,0,0,10800,48.973273181212335,592.60120651454565,10800,239.94422851773953,0,0,239.94422851773953
2025-03-20,140,2025-03-20 23:30:00,18,544.62166666666667,3267.73,0,0.38140000000000002,0.43595424738638594,589.5868522024258,833.33333333333326,0,544.62166666666667,44.965185535759133,0,0,0,0,10800,44.965185535759133,580.71314289345491,10800,221.48399269956371,5.076649095662245,0,226.56064179522596
2025-03-20,141,2025-03-20 23:40:00,18,600.67933333333326,3604.076,0,0.42480000000000001,0.42989789134974726,611.75807528116275,833.33333333333326,0,600.67933333333326,11.078741947829485,0,0,0,0,10800,11.078741947829485,611.75807528116275,10800,259.87483037943792,0,0,259.87483037943792
2025-03-20,142,2025-03-20 23:50:00,18,540.97818333333328,3245.8690999999999,0,0.3795,0.40345368496468803,620.44921527287954,833.33333333333326,0,540.97818333333328,79.471031939546265,0,0,0,0,10800,79.471031939546265,589.97783280408817,10800,223.89658754915146,17.345834470359492,0,241.24242201951097
2025-03-20,143,2025-03-21 00:00:00,18,400.16666666666663,2401,0,0.27939999999999998,0.37765343356446729,466.00247761888465,833.33333333333326,0,400.16666666666663,65.835810952218026,0,0,0,0,10800,65.835810952218026,453.24886449969256,10800,126.63773274121409,5.345039258253407,0,131.9827719994675
